(kicad_pcb (version 20171130) (host pcbnew "(5.1.8)-1")

  (general
    (thickness 1.6)
    (drawings 0)
    (tracks 0)
    (zones 0)
    (modules 39)
    (nets 28)
  )

  (page A4)
  (layers
    (0 F.Cu signal)
    (31 B.Cu signal)
    (32 B.Adhes user)
    (33 F.Adhes user)
    (34 B.Paste user)
    (35 F.Paste user)
    (36 B.SilkS user)
    (37 F.SilkS user)
    (38 B.Mask user)
    (39 F.Mask user)
    (40 Dwgs.User user)
    (41 Cmts.User user)
    (42 Eco1.User user)
    (43 Eco2.User user)
    (44 Edge.Cuts user)
    (45 Margin user)
    (46 B.CrtYd user)
    (47 F.CrtYd user)
    (48 B.Fab user)
    (49 F.Fab user)
  )

  (setup
    (last_trace_width 0.25)
    (trace_clearance 0.2)
    (zone_clearance 0.508)
    (zone_45_only no)
    (trace_min 0.2)
    (via_size 0.8)
    (via_drill 0.4)
    (via_min_size 0.4)
    (via_min_drill 0.3)
    (uvia_size 0.3)
    (uvia_drill 0.1)
    (uvias_allowed no)
    (uvia_min_size 0.2)
    (uvia_min_drill 0.1)
    (edge_width 0.1)
    (segment_width 0.2)
    (pcb_text_width 0.3)
    (pcb_text_size 1.5 1.5)
    (mod_edge_width 0.15)
    (mod_text_size 1 1)
    (mod_text_width 0.15)
    (pad_size 1.524 1.524)
    (pad_drill 0.762)
    (pad_to_mask_clearance 0)
    (aux_axis_origin 0 0)
    (visible_elements FFFFFF7F)
    (pcbplotparams
      (layerselection 0x010fc_ffffffff)
      (usegerberextensions false)
      (usegerberattributes true)
      (usegerberadvancedattributes true)
      (creategerberjobfile true)
      (excludeedgelayer true)
      (linewidth 0.100000)
      (plotframeref false)
      (viasonmask false)
      (mode 1)
      (useauxorigin false)
      (hpglpennumber 1)
      (hpglpenspeed 20)
      (hpglpendiameter 15.000000)
      (psnegative false)
      (psa4output false)
      (plotreference true)
      (plotvalue true)
      (plotinvisibletext false)
      (padsonsilk false)
      (subtractmaskfromsilk false)
      (outputformat 1)
      (mirror false)
      (drillshape 1)
      (scaleselection 1)
      (outputdirectory ""))
  )

  (net 0 "")
  (net 1 +12V)
  (net 2 GND)
  (net 3 "Net-(D1-Pad2)")
  (net 4 "Net-(D2-Pad2)")
  (net 5 "Net-(D6-Pad1)")
  (net 6 Input_Power)
  (net 7 "Net-(J1-Pad2)")
  (net 8 "Net-(J2-Pad1)")
  (net 9 "Net-(J2-Pad2)")
  (net 10 "Net-(J3-Pad2)")
  (net 11 "Net-(K4-Pad4)")
  (net 12 "Net-(K4-Pad3)")
  (net 13 "Net-(K5-Pad3)")
  (net 14 "Net-(NC1-Pad1)")
  (net 15 "Net-(NC2-Pad1)")
  (net 16 "Net-(NC3-Pad1)")
  (net 17 "Net-(NC4-Pad1)")
  (net 18 "Net-(Q1-Pad1)")
  (net 19 "Net-(Q1-Pad3)")
  (net 20 "Net-(Q3-Pad1)")
  (net 21 "Net-(Q3-Pad3)")
  (net 22 "Net-(Q4-Pad1)")
  (net 23 "Net-(Q5-Pad1)")
  (net 24 "Net-(Q7-Pad1)")
  (net 25 "Net-(Q7-Pad3)")
  (net 26 "Net-(Q8-Pad3)")
  (net 27 "Net-(Q8-Pad1)")

  (net_class Default "Esta é a classe de rede padrão."
    (clearance 0.2)
    (trace_width 0.25)
    (via_dia 0.8)
    (via_drill 0.4)
    (uvia_dia 0.3)
    (uvia_drill 0.1)
    (add_net +12V)
    (add_net GND)
    (add_net Input_Power)
    (add_net "Net-(D1-Pad2)")
    (add_net "Net-(D2-Pad2)")
    (add_net "Net-(D6-Pad1)")
    (add_net "Net-(J1-Pad2)")
    (add_net "Net-(J2-Pad1)")
    (add_net "Net-(J2-Pad2)")
    (add_net "Net-(J3-Pad2)")
    (add_net "Net-(K4-Pad3)")
    (add_net "Net-(K4-Pad4)")
    (add_net "Net-(K5-Pad3)")
    (add_net "Net-(NC1-Pad1)")
    (add_net "Net-(NC2-Pad1)")
    (add_net "Net-(NC3-Pad1)")
    (add_net "Net-(NC4-Pad1)")
    (add_net "Net-(Q1-Pad1)")
    (add_net "Net-(Q1-Pad3)")
    (add_net "Net-(Q3-Pad1)")
    (add_net "Net-(Q3-Pad3)")
    (add_net "Net-(Q4-Pad1)")
    (add_net "Net-(Q5-Pad1)")
    (add_net "Net-(Q7-Pad1)")
    (add_net "Net-(Q7-Pad3)")
    (add_net "Net-(Q8-Pad1)")
    (add_net "Net-(Q8-Pad3)")
  )

  (module Capacitor_SMD:C_0805_2012Metric (layer F.Cu) (tedit 5F68FEEE) (tstamp 614A604C)
    (at 68.421921 75.628821)
    (descr "Capacitor SMD 0805 (2012 Metric), square (rectangular) end terminal, IPC_7351 nominal, (Body size source: IPC-SM-782 page 76, https://www.pcb-3d.com/wordpress/wp-content/uploads/ipc-sm-782a_amendment_1_and_2.pdf, https://docs.google.com/spreadsheets/d/1BsfQQcO9C6DZCsRaXUlFlo91Tg2WpOkGARC1WS5S8t0/edit?usp=sharing), generated with kicad-footprint-generator")
    (tags capacitor)
    (path /5F0E535B)
    (attr smd)
    (fp_text reference C3 (at 0 -1.68) (layer F.SilkS)
      (effects (font (size 1 1) (thickness 0.15)))
    )
    (fp_text value 100nF (at 0 1.68) (layer F.Fab)
      (effects (font (size 1 1) (thickness 0.15)))
    )
    (fp_line (start 1.7 0.98) (end -1.7 0.98) (layer F.CrtYd) (width 0.05))
    (fp_line (start 1.7 -0.98) (end 1.7 0.98) (layer F.CrtYd) (width 0.05))
    (fp_line (start -1.7 -0.98) (end 1.7 -0.98) (layer F.CrtYd) (width 0.05))
    (fp_line (start -1.7 0.98) (end -1.7 -0.98) (layer F.CrtYd) (width 0.05))
    (fp_line (start -0.261252 0.735) (end 0.261252 0.735) (layer F.SilkS) (width 0.12))
    (fp_line (start -0.261252 -0.735) (end 0.261252 -0.735) (layer F.SilkS) (width 0.12))
    (fp_line (start 1 0.625) (end -1 0.625) (layer F.Fab) (width 0.1))
    (fp_line (start 1 -0.625) (end 1 0.625) (layer F.Fab) (width 0.1))
    (fp_line (start -1 -0.625) (end 1 -0.625) (layer F.Fab) (width 0.1))
    (fp_line (start -1 0.625) (end -1 -0.625) (layer F.Fab) (width 0.1))
    (fp_text user %R (at 0 0) (layer F.Fab)
      (effects (font (size 0.5 0.5) (thickness 0.08)))
    )
    (pad 1 smd roundrect (at -0.95 0) (size 1 1.45) (layers F.Cu F.Paste F.Mask) (roundrect_rratio 0.25)
      (net 1 +12V))
    (pad 2 smd roundrect (at 0.95 0) (size 1 1.45) (layers F.Cu F.Paste F.Mask) (roundrect_rratio 0.25)
      (net 2 GND))
    (model ${KISYS3DMOD}/Capacitor_SMD.3dshapes/C_0805_2012Metric.wrl
      (at (xyz 0 0 0))
      (scale (xyz 1 1 1))
      (rotate (xyz 0 0 0))
    )
  )

  (module Capacitor_SMD:C_0805_2012Metric (layer F.Cu) (tedit 5F68FEEE) (tstamp 614A605D)
    (at 63.971921 75.628821)
    (descr "Capacitor SMD 0805 (2012 Metric), square (rectangular) end terminal, IPC_7351 nominal, (Body size source: IPC-SM-782 page 76, https://www.pcb-3d.com/wordpress/wp-content/uploads/ipc-sm-782a_amendment_1_and_2.pdf, https://docs.google.com/spreadsheets/d/1BsfQQcO9C6DZCsRaXUlFlo91Tg2WpOkGARC1WS5S8t0/edit?usp=sharing), generated with kicad-footprint-generator")
    (tags capacitor)
    (path /5F0E5904)
    (attr smd)
    (fp_text reference C4 (at 0 -1.68) (layer F.SilkS)
      (effects (font (size 1 1) (thickness 0.15)))
    )
    (fp_text value 10nF (at 0 1.68) (layer F.Fab)
      (effects (font (size 1 1) (thickness 0.15)))
    )
    (fp_text user %R (at 0 0) (layer F.Fab)
      (effects (font (size 0.5 0.5) (thickness 0.08)))
    )
    (fp_line (start -1 0.625) (end -1 -0.625) (layer F.Fab) (width 0.1))
    (fp_line (start -1 -0.625) (end 1 -0.625) (layer F.Fab) (width 0.1))
    (fp_line (start 1 -0.625) (end 1 0.625) (layer F.Fab) (width 0.1))
    (fp_line (start 1 0.625) (end -1 0.625) (layer F.Fab) (width 0.1))
    (fp_line (start -0.261252 -0.735) (end 0.261252 -0.735) (layer F.SilkS) (width 0.12))
    (fp_line (start -0.261252 0.735) (end 0.261252 0.735) (layer F.SilkS) (width 0.12))
    (fp_line (start -1.7 0.98) (end -1.7 -0.98) (layer F.CrtYd) (width 0.05))
    (fp_line (start -1.7 -0.98) (end 1.7 -0.98) (layer F.CrtYd) (width 0.05))
    (fp_line (start 1.7 -0.98) (end 1.7 0.98) (layer F.CrtYd) (width 0.05))
    (fp_line (start 1.7 0.98) (end -1.7 0.98) (layer F.CrtYd) (width 0.05))
    (pad 2 smd roundrect (at 0.95 0) (size 1 1.45) (layers F.Cu F.Paste F.Mask) (roundrect_rratio 0.25)
      (net 2 GND))
    (pad 1 smd roundrect (at -0.95 0) (size 1 1.45) (layers F.Cu F.Paste F.Mask) (roundrect_rratio 0.25)
      (net 1 +12V))
    (model ${KISYS3DMOD}/Capacitor_SMD.3dshapes/C_0805_2012Metric.wrl
      (at (xyz 0 0 0))
      (scale (xyz 1 1 1))
      (rotate (xyz 0 0 0))
    )
  )

  (module Capacitor_SMD:CP_Elec_8x10 (layer F.Cu) (tedit 5BCA39D0) (tstamp 614A6085)
    (at 83.346921 68.868821)
    (descr "SMD capacitor, aluminum electrolytic, Nichicon, 8.0x10mm")
    (tags "capacitor electrolytic")
    (path /5F0E5A69)
    (attr smd)
    (fp_text reference C5 (at 0 -5.2) (layer F.SilkS)
      (effects (font (size 1 1) (thickness 0.15)))
    )
    (fp_text value 220uF (at 0 5.2) (layer F.Fab)
      (effects (font (size 1 1) (thickness 0.15)))
    )
    (fp_line (start -5.25 1.5) (end -4.4 1.5) (layer F.CrtYd) (width 0.05))
    (fp_line (start -5.25 -1.5) (end -5.25 1.5) (layer F.CrtYd) (width 0.05))
    (fp_line (start -4.4 -1.5) (end -5.25 -1.5) (layer F.CrtYd) (width 0.05))
    (fp_line (start -4.4 1.5) (end -4.4 3.25) (layer F.CrtYd) (width 0.05))
    (fp_line (start -4.4 -3.25) (end -4.4 -1.5) (layer F.CrtYd) (width 0.05))
    (fp_line (start -4.4 -3.25) (end -3.25 -4.4) (layer F.CrtYd) (width 0.05))
    (fp_line (start -4.4 3.25) (end -3.25 4.4) (layer F.CrtYd) (width 0.05))
    (fp_line (start -3.25 -4.4) (end 4.4 -4.4) (layer F.CrtYd) (width 0.05))
    (fp_line (start -3.25 4.4) (end 4.4 4.4) (layer F.CrtYd) (width 0.05))
    (fp_line (start 4.4 1.5) (end 4.4 4.4) (layer F.CrtYd) (width 0.05))
    (fp_line (start 5.25 1.5) (end 4.4 1.5) (layer F.CrtYd) (width 0.05))
    (fp_line (start 5.25 -1.5) (end 5.25 1.5) (layer F.CrtYd) (width 0.05))
    (fp_line (start 4.4 -1.5) (end 5.25 -1.5) (layer F.CrtYd) (width 0.05))
    (fp_line (start 4.4 -4.4) (end 4.4 -1.5) (layer F.CrtYd) (width 0.05))
    (fp_line (start -5 -3.01) (end -5 -2.01) (layer F.SilkS) (width 0.12))
    (fp_line (start -5.5 -2.51) (end -4.5 -2.51) (layer F.SilkS) (width 0.12))
    (fp_line (start -4.26 3.195563) (end -3.195563 4.26) (layer F.SilkS) (width 0.12))
    (fp_line (start -4.26 -3.195563) (end -3.195563 -4.26) (layer F.SilkS) (width 0.12))
    (fp_line (start -4.26 -3.195563) (end -4.26 -1.51) (layer F.SilkS) (width 0.12))
    (fp_line (start -4.26 3.195563) (end -4.26 1.51) (layer F.SilkS) (width 0.12))
    (fp_line (start -3.195563 4.26) (end 4.26 4.26) (layer F.SilkS) (width 0.12))
    (fp_line (start -3.195563 -4.26) (end 4.26 -4.26) (layer F.SilkS) (width 0.12))
    (fp_line (start 4.26 -4.26) (end 4.26 -1.51) (layer F.SilkS) (width 0.12))
    (fp_line (start 4.26 4.26) (end 4.26 1.51) (layer F.SilkS) (width 0.12))
    (fp_line (start -3.162278 -1.9) (end -3.162278 -1.1) (layer F.Fab) (width 0.1))
    (fp_line (start -3.562278 -1.5) (end -2.762278 -1.5) (layer F.Fab) (width 0.1))
    (fp_line (start -4.15 3.15) (end -3.15 4.15) (layer F.Fab) (width 0.1))
    (fp_line (start -4.15 -3.15) (end -3.15 -4.15) (layer F.Fab) (width 0.1))
    (fp_line (start -4.15 -3.15) (end -4.15 3.15) (layer F.Fab) (width 0.1))
    (fp_line (start -3.15 4.15) (end 4.15 4.15) (layer F.Fab) (width 0.1))
    (fp_line (start -3.15 -4.15) (end 4.15 -4.15) (layer F.Fab) (width 0.1))
    (fp_line (start 4.15 -4.15) (end 4.15 4.15) (layer F.Fab) (width 0.1))
    (fp_circle (center 0 0) (end 4 0) (layer F.Fab) (width 0.1))
    (fp_text user %R (at 0 0) (layer F.Fab)
      (effects (font (size 1 1) (thickness 0.15)))
    )
    (pad 1 smd roundrect (at -3.25 0) (size 3.5 2.5) (layers F.Cu F.Paste F.Mask) (roundrect_rratio 0.1)
      (net 1 +12V))
    (pad 2 smd roundrect (at 3.25 0) (size 3.5 2.5) (layers F.Cu F.Paste F.Mask) (roundrect_rratio 0.1)
      (net 2 GND))
    (model ${KISYS3DMOD}/Capacitor_SMD.3dshapes/CP_Elec_8x10.wrl
      (at (xyz 0 0 0))
      (scale (xyz 1 1 1))
      (rotate (xyz 0 0 0))
    )
  )

  (module e-Power:DO-214AC (layer F.Cu) (tedit 5F360281) (tstamp 614A60A6)
    (at 112.944921 50.257821)
    (descr "DO-214AC https://www.vishay.com/docs/88958/byg20d.pdf")
    (tags DO-214AC)
    (path /5F55A921)
    (attr smd)
    (fp_text reference D1 (at 0 -2.286) (layer F.SilkS)
      (effects (font (size 1 1) (thickness 0.15)))
    )
    (fp_text value SS54HF (at 0 2.54) (layer F.Fab)
      (effects (font (size 1 1) (thickness 0.15)))
    )
    (fp_line (start -0.35 0) (end 0.25 -0.4) (layer F.SilkS) (width 0.1))
    (fp_line (start -0.35 0) (end -0.35 -0.55) (layer F.SilkS) (width 0.1))
    (fp_line (start 0.25 0) (end 0.75 0) (layer F.SilkS) (width 0.1))
    (fp_line (start 0.25 0.4) (end -0.35 0) (layer F.SilkS) (width 0.1))
    (fp_line (start 0.25 -0.4) (end 0.25 0.4) (layer F.SilkS) (width 0.1))
    (fp_line (start -0.35 0) (end -0.35 0.55) (layer F.SilkS) (width 0.1))
    (fp_line (start -0.75 0) (end -0.35 0) (layer F.SilkS) (width 0.1))
    (fp_line (start -3.048 -1.36) (end -3.048 1.36) (layer F.SilkS) (width 0.12))
    (fp_line (start 0.25 0) (end 0.75 0) (layer F.Fab) (width 0.1))
    (fp_line (start 0.25 0.4) (end -0.35 0) (layer F.Fab) (width 0.1))
    (fp_line (start 0.25 -0.4) (end 0.25 0.4) (layer F.Fab) (width 0.1))
    (fp_line (start -0.35 0) (end 0.25 -0.4) (layer F.Fab) (width 0.1))
    (fp_line (start -0.35 0) (end -0.35 0.55) (layer F.Fab) (width 0.1))
    (fp_line (start -0.35 0) (end -0.35 -0.55) (layer F.Fab) (width 0.1))
    (fp_line (start -0.75 0) (end -0.35 0) (layer F.Fab) (width 0.1))
    (fp_line (start -1.9 1.25) (end -1.9 -1.25) (layer F.Fab) (width 0.1))
    (fp_line (start 1.9 1.25) (end -1.9 1.25) (layer F.Fab) (width 0.1))
    (fp_line (start 1.9 -1.25) (end 1.9 1.25) (layer F.Fab) (width 0.1))
    (fp_line (start -1.9 -1.25) (end 1.9 -1.25) (layer F.Fab) (width 0.1))
    (fp_line (start -3.048 1.36) (end 1.9 1.36) (layer F.SilkS) (width 0.12))
    (fp_line (start -3.048 -1.36) (end 1.9 -1.36) (layer F.SilkS) (width 0.12))
    (fp_line (start 3.048 1.524) (end -3.048 1.524) (layer F.CrtYd) (width 0.12))
    (fp_line (start -3.048 1.524) (end -3.048 -1.524) (layer F.CrtYd) (width 0.12))
    (fp_line (start -3.048 -1.524) (end -2.286 -1.524) (layer F.CrtYd) (width 0.12))
    (fp_line (start -2.286 -1.524) (end 3.048 -1.524) (layer F.CrtYd) (width 0.12))
    (fp_line (start 3.048 -1.524) (end 3.048 1.524) (layer F.CrtYd) (width 0.12))
    (fp_text user %R (at 0 -2.286) (layer F.Fab)
      (effects (font (size 1 1) (thickness 0.15)))
    )
    (pad 2 smd rect (at 2.032 0) (size 1.6 2) (layers F.Cu F.Paste F.Mask)
      (net 3 "Net-(D1-Pad2)"))
    (pad 1 smd rect (at -2.032 0) (size 1.6 2) (layers F.Cu F.Paste F.Mask)
      (net 1 +12V))
    (model ${KICAD_USER_3DMOD}/DO-214AC.step
      (offset (xyz 0 0 1.3))
      (scale (xyz 1 1 1))
      (rotate (xyz 0 0 -90))
    )
  )

  (module e-Power:DO-214AC (layer F.Cu) (tedit 5F360281) (tstamp 614A60C7)
    (at 92.724921 73.977821)
    (descr "DO-214AC https://www.vishay.com/docs/88958/byg20d.pdf")
    (tags DO-214AC)
    (path /5F59001B)
    (attr smd)
    (fp_text reference D2 (at 0 -2.286) (layer F.SilkS)
      (effects (font (size 1 1) (thickness 0.15)))
    )
    (fp_text value SS54HF (at 0 2.54) (layer F.Fab)
      (effects (font (size 1 1) (thickness 0.15)))
    )
    (fp_line (start -0.35 0) (end 0.25 -0.4) (layer F.SilkS) (width 0.1))
    (fp_line (start -0.35 0) (end -0.35 -0.55) (layer F.SilkS) (width 0.1))
    (fp_line (start 0.25 0) (end 0.75 0) (layer F.SilkS) (width 0.1))
    (fp_line (start 0.25 0.4) (end -0.35 0) (layer F.SilkS) (width 0.1))
    (fp_line (start 0.25 -0.4) (end 0.25 0.4) (layer F.SilkS) (width 0.1))
    (fp_line (start -0.35 0) (end -0.35 0.55) (layer F.SilkS) (width 0.1))
    (fp_line (start -0.75 0) (end -0.35 0) (layer F.SilkS) (width 0.1))
    (fp_line (start -3.048 -1.36) (end -3.048 1.36) (layer F.SilkS) (width 0.12))
    (fp_line (start 0.25 0) (end 0.75 0) (layer F.Fab) (width 0.1))
    (fp_line (start 0.25 0.4) (end -0.35 0) (layer F.Fab) (width 0.1))
    (fp_line (start 0.25 -0.4) (end 0.25 0.4) (layer F.Fab) (width 0.1))
    (fp_line (start -0.35 0) (end 0.25 -0.4) (layer F.Fab) (width 0.1))
    (fp_line (start -0.35 0) (end -0.35 0.55) (layer F.Fab) (width 0.1))
    (fp_line (start -0.35 0) (end -0.35 -0.55) (layer F.Fab) (width 0.1))
    (fp_line (start -0.75 0) (end -0.35 0) (layer F.Fab) (width 0.1))
    (fp_line (start -1.9 1.25) (end -1.9 -1.25) (layer F.Fab) (width 0.1))
    (fp_line (start 1.9 1.25) (end -1.9 1.25) (layer F.Fab) (width 0.1))
    (fp_line (start 1.9 -1.25) (end 1.9 1.25) (layer F.Fab) (width 0.1))
    (fp_line (start -1.9 -1.25) (end 1.9 -1.25) (layer F.Fab) (width 0.1))
    (fp_line (start -3.048 1.36) (end 1.9 1.36) (layer F.SilkS) (width 0.12))
    (fp_line (start -3.048 -1.36) (end 1.9 -1.36) (layer F.SilkS) (width 0.12))
    (fp_line (start 3.048 1.524) (end -3.048 1.524) (layer F.CrtYd) (width 0.12))
    (fp_line (start -3.048 1.524) (end -3.048 -1.524) (layer F.CrtYd) (width 0.12))
    (fp_line (start -3.048 -1.524) (end -2.286 -1.524) (layer F.CrtYd) (width 0.12))
    (fp_line (start -2.286 -1.524) (end 3.048 -1.524) (layer F.CrtYd) (width 0.12))
    (fp_line (start 3.048 -1.524) (end 3.048 1.524) (layer F.CrtYd) (width 0.12))
    (fp_text user %R (at 0 -2.286) (layer F.Fab)
      (effects (font (size 1 1) (thickness 0.15)))
    )
    (pad 2 smd rect (at 2.032 0) (size 1.6 2) (layers F.Cu F.Paste F.Mask)
      (net 4 "Net-(D2-Pad2)"))
    (pad 1 smd rect (at -2.032 0) (size 1.6 2) (layers F.Cu F.Paste F.Mask)
      (net 1 +12V))
    (model ${KICAD_USER_3DMOD}/DO-214AC.step
      (offset (xyz 0 0 1.3))
      (scale (xyz 1 1 1))
      (rotate (xyz 0 0 -90))
    )
  )

  (module e-Power:DO-214AC (layer F.Cu) (tedit 5F360281) (tstamp 614A60E8)
    (at 80.894921 75.877821)
    (descr "DO-214AC https://www.vishay.com/docs/88958/byg20d.pdf")
    (tags DO-214AC)
    (path /5F598BC8)
    (attr smd)
    (fp_text reference D6 (at 0 -2.286) (layer F.SilkS)
      (effects (font (size 1 1) (thickness 0.15)))
    )
    (fp_text value SS54HF (at 0 2.54) (layer F.Fab)
      (effects (font (size 1 1) (thickness 0.15)))
    )
    (fp_text user %R (at 0 -2.286) (layer F.Fab)
      (effects (font (size 1 1) (thickness 0.15)))
    )
    (fp_line (start 3.048 -1.524) (end 3.048 1.524) (layer F.CrtYd) (width 0.12))
    (fp_line (start -2.286 -1.524) (end 3.048 -1.524) (layer F.CrtYd) (width 0.12))
    (fp_line (start -3.048 -1.524) (end -2.286 -1.524) (layer F.CrtYd) (width 0.12))
    (fp_line (start -3.048 1.524) (end -3.048 -1.524) (layer F.CrtYd) (width 0.12))
    (fp_line (start 3.048 1.524) (end -3.048 1.524) (layer F.CrtYd) (width 0.12))
    (fp_line (start -3.048 -1.36) (end 1.9 -1.36) (layer F.SilkS) (width 0.12))
    (fp_line (start -3.048 1.36) (end 1.9 1.36) (layer F.SilkS) (width 0.12))
    (fp_line (start -1.9 -1.25) (end 1.9 -1.25) (layer F.Fab) (width 0.1))
    (fp_line (start 1.9 -1.25) (end 1.9 1.25) (layer F.Fab) (width 0.1))
    (fp_line (start 1.9 1.25) (end -1.9 1.25) (layer F.Fab) (width 0.1))
    (fp_line (start -1.9 1.25) (end -1.9 -1.25) (layer F.Fab) (width 0.1))
    (fp_line (start -0.75 0) (end -0.35 0) (layer F.Fab) (width 0.1))
    (fp_line (start -0.35 0) (end -0.35 -0.55) (layer F.Fab) (width 0.1))
    (fp_line (start -0.35 0) (end -0.35 0.55) (layer F.Fab) (width 0.1))
    (fp_line (start -0.35 0) (end 0.25 -0.4) (layer F.Fab) (width 0.1))
    (fp_line (start 0.25 -0.4) (end 0.25 0.4) (layer F.Fab) (width 0.1))
    (fp_line (start 0.25 0.4) (end -0.35 0) (layer F.Fab) (width 0.1))
    (fp_line (start 0.25 0) (end 0.75 0) (layer F.Fab) (width 0.1))
    (fp_line (start -3.048 -1.36) (end -3.048 1.36) (layer F.SilkS) (width 0.12))
    (fp_line (start -0.75 0) (end -0.35 0) (layer F.SilkS) (width 0.1))
    (fp_line (start -0.35 0) (end -0.35 0.55) (layer F.SilkS) (width 0.1))
    (fp_line (start 0.25 -0.4) (end 0.25 0.4) (layer F.SilkS) (width 0.1))
    (fp_line (start 0.25 0.4) (end -0.35 0) (layer F.SilkS) (width 0.1))
    (fp_line (start 0.25 0) (end 0.75 0) (layer F.SilkS) (width 0.1))
    (fp_line (start -0.35 0) (end -0.35 -0.55) (layer F.SilkS) (width 0.1))
    (fp_line (start -0.35 0) (end 0.25 -0.4) (layer F.SilkS) (width 0.1))
    (pad 1 smd rect (at -2.032 0) (size 1.6 2) (layers F.Cu F.Paste F.Mask)
      (net 5 "Net-(D6-Pad1)"))
    (pad 2 smd rect (at 2.032 0) (size 1.6 2) (layers F.Cu F.Paste F.Mask)
      (net 6 Input_Power))
    (model ${KICAD_USER_3DMOD}/DO-214AC.step
      (offset (xyz 0 0 1.3))
      (scale (xyz 1 1 1))
      (rotate (xyz 0 0 -90))
    )
  )

  (module e-Power:FUSE_1206_3216Metric (layer F.Cu) (tedit 5F24C86A) (tstamp 614A60F9)
    (at 58.941921 75.768821)
    (descr "FUSE SMD 1206 (3216 Metric), square (rectangular) end terminal")
    (tags FUSE)
    (path /5F0E7C9E)
    (attr smd)
    (fp_text reference F1 (at -4.699 0) (layer F.SilkS)
      (effects (font (size 1 1) (thickness 0.15)))
    )
    (fp_text value Fuse_1206 (at 0 1.82) (layer F.Fab)
      (effects (font (size 1 1) (thickness 0.15)))
    )
    (fp_line (start 2.28 1.12) (end -2.28 1.12) (layer F.CrtYd) (width 0.05))
    (fp_line (start 2.28 -1.12) (end 2.28 1.12) (layer F.CrtYd) (width 0.05))
    (fp_line (start -2.28 -1.12) (end 2.28 -1.12) (layer F.CrtYd) (width 0.05))
    (fp_line (start -2.28 1.12) (end -2.28 -1.12) (layer F.CrtYd) (width 0.05))
    (fp_line (start -0.602064 0.91) (end 0.602064 0.91) (layer F.SilkS) (width 0.12))
    (fp_line (start -0.602064 -0.91) (end 0.602064 -0.91) (layer F.SilkS) (width 0.12))
    (fp_line (start 1.6 0.8) (end -1.6 0.8) (layer F.Fab) (width 0.1))
    (fp_line (start 1.6 -0.8) (end 1.6 0.8) (layer F.Fab) (width 0.1))
    (fp_line (start -1.6 -0.8) (end 1.6 -0.8) (layer F.Fab) (width 0.1))
    (fp_line (start -1.6 0.8) (end -1.6 -0.8) (layer F.Fab) (width 0.1))
    (fp_text user %F (at 0 0) (layer F.Fab)
      (effects (font (size 0.8 0.8) (thickness 0.12)))
    )
    (pad 1 smd trapezoid (at -1.4 0) (size 1.25 1.75) (layers F.Cu F.Paste F.Mask)
      (net 5 "Net-(D6-Pad1)"))
    (pad 2 smd trapezoid (at 1.4 0) (size 1.25 1.75) (layers F.Cu F.Paste F.Mask)
      (net 1 +12V))
    (model ${KICAD_USER_3DMOD}/FUSE_1206.step
      (offset (xyz 0 0 1))
      (scale (xyz 1 1 1))
      (rotate (xyz 90 0 0))
    )
  )

  (module e-Power:TerminalBlock_Phoenix_MKDS-1,5-2_1x02_P5.08mm_Horizontal (layer F.Cu) (tedit 5F340C83) (tstamp 614A612B)
    (at 80.811921 58.318821)
    (descr "Terminal Block Phoenix MKDS-1,5-2, 2 pins, pitch 5.08mm, size 10x9.8mm^2, drill diamater 1.3mm, pad diameter 2.6mm, see http://www.farnell.com/datasheets/100425.pdf, script-generated using https://github.com/pointhi/kicad-footprint-generator/scripts/TerminalBlock_Phoenix")
    (tags "THT Terminal Block Phoenix MKDS-1,5-2 pitch 5.08mm size 10x9.8mm^2 drill 1.3mm pad 2.6mm")
    (path /5F2D940B)
    (fp_text reference J1 (at 10.414 0) (layer F.SilkS)
      (effects (font (size 1 1) (thickness 0.15)))
    )
    (fp_text value BMS (at 2.413 6.604) (layer F.Fab)
      (effects (font (size 1 1) (thickness 0.15)))
    )
    (fp_text user %R (at 0 -3.048) (layer F.Fab)
      (effects (font (size 1 1) (thickness 0.15)))
    )
    (fp_arc (start 0 0) (end -0.684 1.535) (angle -25) (layer F.SilkS) (width 0.12))
    (fp_arc (start 0 0) (end -1.535 -0.684) (angle -48) (layer F.SilkS) (width 0.12))
    (fp_arc (start 0 0) (end 0.684 -1.535) (angle -48) (layer F.SilkS) (width 0.12))
    (fp_arc (start 0 0) (end 1.535 0.684) (angle -48) (layer F.SilkS) (width 0.12))
    (fp_arc (start 0 0) (end 0 1.68) (angle -24) (layer F.SilkS) (width 0.12))
    (fp_circle (center 0 0) (end 1.5 0) (layer F.Fab) (width 0.1))
    (fp_circle (center 5.127 0) (end 6.627 0) (layer F.Fab) (width 0.1))
    (fp_circle (center 5.127 0) (end 6.807 0) (layer F.SilkS) (width 0.12))
    (fp_line (start -2.5 -5.2) (end 7.5 -5.2) (layer F.Fab) (width 0.1))
    (fp_line (start 7.5 -5.2) (end 7.5 4.6) (layer F.Fab) (width 0.1))
    (fp_line (start 7.5 4.6) (end -2 4.6) (layer F.Fab) (width 0.1))
    (fp_line (start -2 4.6) (end -2.5 4.1) (layer F.Fab) (width 0.1))
    (fp_line (start -2.5 4.1) (end -2.5 -5.2) (layer F.Fab) (width 0.1))
    (fp_line (start -2.5 4.1) (end 7.5 4.1) (layer F.Fab) (width 0.1))
    (fp_line (start -2.5 2.6) (end 7.5 2.6) (layer F.Fab) (width 0.1))
    (fp_line (start -2.56 2.6) (end -1.143 2.6) (layer F.SilkS) (width 0.12))
    (fp_line (start -2.5 -2.3) (end 7.5 -2.3) (layer F.Fab) (width 0.1))
    (fp_line (start -2.56 -2.301) (end 7.56 -2.301) (layer F.SilkS) (width 0.12))
    (fp_line (start -2.56 -5.261) (end 7.56 -5.261) (layer F.SilkS) (width 0.12))
    (fp_line (start -2.56 4.66) (end 7.56 4.66) (layer F.SilkS) (width 0.12))
    (fp_line (start -2.56 -5.261) (end -2.56 4.66) (layer F.SilkS) (width 0.12))
    (fp_line (start 7.56 -5.261) (end 7.56 4.66) (layer F.SilkS) (width 0.12))
    (fp_line (start 1.138 -0.955) (end -0.955 1.138) (layer F.Fab) (width 0.1))
    (fp_line (start 0.955 -1.138) (end -1.138 0.955) (layer F.Fab) (width 0.1))
    (fp_line (start 6.265 -0.955) (end 4.173 1.138) (layer F.Fab) (width 0.1))
    (fp_line (start 6.082 -1.138) (end 3.99 0.955) (layer F.Fab) (width 0.1))
    (fp_line (start 6.402 -1.069) (end 6.355 -1.023) (layer F.SilkS) (width 0.12))
    (fp_line (start 4.093 1.239) (end 4.058 1.274) (layer F.SilkS) (width 0.12))
    (fp_line (start 6.197 -1.275) (end 6.162 -1.239) (layer F.SilkS) (width 0.12))
    (fp_line (start 3.9 1.023) (end 3.853 1.069) (layer F.SilkS) (width 0.12))
    (fp_line (start -2.8 4.16) (end -2.8 4.9) (layer F.SilkS) (width 0.12))
    (fp_line (start -2.8 4.9) (end -2.3 4.9) (layer F.SilkS) (width 0.12))
    (fp_line (start -3 -5.71) (end -3 5.1) (layer F.CrtYd) (width 0.05))
    (fp_line (start -3 5.1) (end 8 5.1) (layer F.CrtYd) (width 0.05))
    (fp_line (start 8 5.1) (end 8 -5.71) (layer F.CrtYd) (width 0.05))
    (fp_line (start 8 -5.71) (end -3 -5.71) (layer F.CrtYd) (width 0.05))
    (fp_line (start 1.123 2.6) (end 3.937 2.6) (layer F.SilkS) (width 0.12))
    (fp_line (start 6.223 2.6) (end 7.493 2.6) (layer F.SilkS) (width 0.12))
    (fp_line (start -2.56 4.064) (end -1.143 4.064) (layer F.SilkS) (width 0.12))
    (fp_line (start 1.123 4.064) (end 3.937 4.064) (layer F.SilkS) (width 0.12))
    (fp_line (start 6.223 4.064) (end 7.493 4.064) (layer F.SilkS) (width 0.12))
    (pad 2 thru_hole circle (at 5.1308 3.302) (size 2.5 2.5) (drill 1.8) (layers *.Cu *.Mask)
      (net 7 "Net-(J1-Pad2)"))
    (pad 1 thru_hole circle (at 0 3.302) (size 2.5 2.5) (drill 1.8) (layers *.Cu *.Mask)
      (net 2 GND))
    (pad 2 thru_hole circle (at 5.127 0) (size 3 3) (drill 1.3) (layers *.Cu *.Mask)
      (net 7 "Net-(J1-Pad2)"))
    (pad 1 thru_hole rect (at 0 0) (size 3 3) (drill 1.3) (layers *.Cu *.Mask)
      (net 2 GND))
  )

  (module e-Power:TerminalBlock_Phoenix_MKDS-1,5-2_1x02_P5.08mm_Horizontal (layer F.Cu) (tedit 5F340C83) (tstamp 614A615D)
    (at 92.861921 58.318821)
    (descr "Terminal Block Phoenix MKDS-1,5-2, 2 pins, pitch 5.08mm, size 10x9.8mm^2, drill diamater 1.3mm, pad diameter 2.6mm, see http://www.farnell.com/datasheets/100425.pdf, script-generated using https://github.com/pointhi/kicad-footprint-generator/scripts/TerminalBlock_Phoenix")
    (tags "THT Terminal Block Phoenix MKDS-1,5-2 pitch 5.08mm size 10x9.8mm^2 drill 1.3mm pad 2.6mm")
    (path /61594DD1)
    (fp_text reference J2 (at 10.414 0) (layer F.SilkS)
      (effects (font (size 1 1) (thickness 0.15)))
    )
    (fp_text value CHARGER_SHTDNW (at 2.413 6.604) (layer F.Fab)
      (effects (font (size 1 1) (thickness 0.15)))
    )
    (fp_line (start 6.223 4.064) (end 7.493 4.064) (layer F.SilkS) (width 0.12))
    (fp_line (start 1.123 4.064) (end 3.937 4.064) (layer F.SilkS) (width 0.12))
    (fp_line (start -2.56 4.064) (end -1.143 4.064) (layer F.SilkS) (width 0.12))
    (fp_line (start 6.223 2.6) (end 7.493 2.6) (layer F.SilkS) (width 0.12))
    (fp_line (start 1.123 2.6) (end 3.937 2.6) (layer F.SilkS) (width 0.12))
    (fp_line (start 8 -5.71) (end -3 -5.71) (layer F.CrtYd) (width 0.05))
    (fp_line (start 8 5.1) (end 8 -5.71) (layer F.CrtYd) (width 0.05))
    (fp_line (start -3 5.1) (end 8 5.1) (layer F.CrtYd) (width 0.05))
    (fp_line (start -3 -5.71) (end -3 5.1) (layer F.CrtYd) (width 0.05))
    (fp_line (start -2.8 4.9) (end -2.3 4.9) (layer F.SilkS) (width 0.12))
    (fp_line (start -2.8 4.16) (end -2.8 4.9) (layer F.SilkS) (width 0.12))
    (fp_line (start 3.9 1.023) (end 3.853 1.069) (layer F.SilkS) (width 0.12))
    (fp_line (start 6.197 -1.275) (end 6.162 -1.239) (layer F.SilkS) (width 0.12))
    (fp_line (start 4.093 1.239) (end 4.058 1.274) (layer F.SilkS) (width 0.12))
    (fp_line (start 6.402 -1.069) (end 6.355 -1.023) (layer F.SilkS) (width 0.12))
    (fp_line (start 6.082 -1.138) (end 3.99 0.955) (layer F.Fab) (width 0.1))
    (fp_line (start 6.265 -0.955) (end 4.173 1.138) (layer F.Fab) (width 0.1))
    (fp_line (start 0.955 -1.138) (end -1.138 0.955) (layer F.Fab) (width 0.1))
    (fp_line (start 1.138 -0.955) (end -0.955 1.138) (layer F.Fab) (width 0.1))
    (fp_line (start 7.56 -5.261) (end 7.56 4.66) (layer F.SilkS) (width 0.12))
    (fp_line (start -2.56 -5.261) (end -2.56 4.66) (layer F.SilkS) (width 0.12))
    (fp_line (start -2.56 4.66) (end 7.56 4.66) (layer F.SilkS) (width 0.12))
    (fp_line (start -2.56 -5.261) (end 7.56 -5.261) (layer F.SilkS) (width 0.12))
    (fp_line (start -2.56 -2.301) (end 7.56 -2.301) (layer F.SilkS) (width 0.12))
    (fp_line (start -2.5 -2.3) (end 7.5 -2.3) (layer F.Fab) (width 0.1))
    (fp_line (start -2.56 2.6) (end -1.143 2.6) (layer F.SilkS) (width 0.12))
    (fp_line (start -2.5 2.6) (end 7.5 2.6) (layer F.Fab) (width 0.1))
    (fp_line (start -2.5 4.1) (end 7.5 4.1) (layer F.Fab) (width 0.1))
    (fp_line (start -2.5 4.1) (end -2.5 -5.2) (layer F.Fab) (width 0.1))
    (fp_line (start -2 4.6) (end -2.5 4.1) (layer F.Fab) (width 0.1))
    (fp_line (start 7.5 4.6) (end -2 4.6) (layer F.Fab) (width 0.1))
    (fp_line (start 7.5 -5.2) (end 7.5 4.6) (layer F.Fab) (width 0.1))
    (fp_line (start -2.5 -5.2) (end 7.5 -5.2) (layer F.Fab) (width 0.1))
    (fp_circle (center 5.127 0) (end 6.807 0) (layer F.SilkS) (width 0.12))
    (fp_circle (center 5.127 0) (end 6.627 0) (layer F.Fab) (width 0.1))
    (fp_circle (center 0 0) (end 1.5 0) (layer F.Fab) (width 0.1))
    (fp_arc (start 0 0) (end 0 1.68) (angle -24) (layer F.SilkS) (width 0.12))
    (fp_arc (start 0 0) (end 1.535 0.684) (angle -48) (layer F.SilkS) (width 0.12))
    (fp_arc (start 0 0) (end 0.684 -1.535) (angle -48) (layer F.SilkS) (width 0.12))
    (fp_arc (start 0 0) (end -1.535 -0.684) (angle -48) (layer F.SilkS) (width 0.12))
    (fp_arc (start 0 0) (end -0.684 1.535) (angle -25) (layer F.SilkS) (width 0.12))
    (fp_text user %R (at 0 -3.048) (layer F.Fab)
      (effects (font (size 1 1) (thickness 0.15)))
    )
    (pad 1 thru_hole rect (at 0 0) (size 3 3) (drill 1.3) (layers *.Cu *.Mask)
      (net 8 "Net-(J2-Pad1)"))
    (pad 2 thru_hole circle (at 5.127 0) (size 3 3) (drill 1.3) (layers *.Cu *.Mask)
      (net 9 "Net-(J2-Pad2)"))
    (pad 1 thru_hole circle (at 0 3.302) (size 2.5 2.5) (drill 1.8) (layers *.Cu *.Mask)
      (net 8 "Net-(J2-Pad1)"))
    (pad 2 thru_hole circle (at 5.1308 3.302) (size 2.5 2.5) (drill 1.8) (layers *.Cu *.Mask)
      (net 9 "Net-(J2-Pad2)"))
  )

  (module e-Power:TerminalBlock_Phoenix_MKDS-1,5-2_1x02_P5.08mm_Horizontal (layer F.Cu) (tedit 5F340C83) (tstamp 614A618F)
    (at 80.811921 46.458821)
    (descr "Terminal Block Phoenix MKDS-1,5-2, 2 pins, pitch 5.08mm, size 10x9.8mm^2, drill diamater 1.3mm, pad diameter 2.6mm, see http://www.farnell.com/datasheets/100425.pdf, script-generated using https://github.com/pointhi/kicad-footprint-generator/scripts/TerminalBlock_Phoenix")
    (tags "THT Terminal Block Phoenix MKDS-1,5-2 pitch 5.08mm size 10x9.8mm^2 drill 1.3mm pad 2.6mm")
    (path /5F2D9B45)
    (fp_text reference J3 (at 10.414 0) (layer F.SilkS)
      (effects (font (size 1 1) (thickness 0.15)))
    )
    (fp_text value IMD (at 2.413 6.604) (layer F.Fab)
      (effects (font (size 1 1) (thickness 0.15)))
    )
    (fp_text user %R (at 0 -3.048) (layer F.Fab)
      (effects (font (size 1 1) (thickness 0.15)))
    )
    (fp_arc (start 0 0) (end -0.684 1.535) (angle -25) (layer F.SilkS) (width 0.12))
    (fp_arc (start 0 0) (end -1.535 -0.684) (angle -48) (layer F.SilkS) (width 0.12))
    (fp_arc (start 0 0) (end 0.684 -1.535) (angle -48) (layer F.SilkS) (width 0.12))
    (fp_arc (start 0 0) (end 1.535 0.684) (angle -48) (layer F.SilkS) (width 0.12))
    (fp_arc (start 0 0) (end 0 1.68) (angle -24) (layer F.SilkS) (width 0.12))
    (fp_circle (center 0 0) (end 1.5 0) (layer F.Fab) (width 0.1))
    (fp_circle (center 5.127 0) (end 6.627 0) (layer F.Fab) (width 0.1))
    (fp_circle (center 5.127 0) (end 6.807 0) (layer F.SilkS) (width 0.12))
    (fp_line (start -2.5 -5.2) (end 7.5 -5.2) (layer F.Fab) (width 0.1))
    (fp_line (start 7.5 -5.2) (end 7.5 4.6) (layer F.Fab) (width 0.1))
    (fp_line (start 7.5 4.6) (end -2 4.6) (layer F.Fab) (width 0.1))
    (fp_line (start -2 4.6) (end -2.5 4.1) (layer F.Fab) (width 0.1))
    (fp_line (start -2.5 4.1) (end -2.5 -5.2) (layer F.Fab) (width 0.1))
    (fp_line (start -2.5 4.1) (end 7.5 4.1) (layer F.Fab) (width 0.1))
    (fp_line (start -2.5 2.6) (end 7.5 2.6) (layer F.Fab) (width 0.1))
    (fp_line (start -2.56 2.6) (end -1.143 2.6) (layer F.SilkS) (width 0.12))
    (fp_line (start -2.5 -2.3) (end 7.5 -2.3) (layer F.Fab) (width 0.1))
    (fp_line (start -2.56 -2.301) (end 7.56 -2.301) (layer F.SilkS) (width 0.12))
    (fp_line (start -2.56 -5.261) (end 7.56 -5.261) (layer F.SilkS) (width 0.12))
    (fp_line (start -2.56 4.66) (end 7.56 4.66) (layer F.SilkS) (width 0.12))
    (fp_line (start -2.56 -5.261) (end -2.56 4.66) (layer F.SilkS) (width 0.12))
    (fp_line (start 7.56 -5.261) (end 7.56 4.66) (layer F.SilkS) (width 0.12))
    (fp_line (start 1.138 -0.955) (end -0.955 1.138) (layer F.Fab) (width 0.1))
    (fp_line (start 0.955 -1.138) (end -1.138 0.955) (layer F.Fab) (width 0.1))
    (fp_line (start 6.265 -0.955) (end 4.173 1.138) (layer F.Fab) (width 0.1))
    (fp_line (start 6.082 -1.138) (end 3.99 0.955) (layer F.Fab) (width 0.1))
    (fp_line (start 6.402 -1.069) (end 6.355 -1.023) (layer F.SilkS) (width 0.12))
    (fp_line (start 4.093 1.239) (end 4.058 1.274) (layer F.SilkS) (width 0.12))
    (fp_line (start 6.197 -1.275) (end 6.162 -1.239) (layer F.SilkS) (width 0.12))
    (fp_line (start 3.9 1.023) (end 3.853 1.069) (layer F.SilkS) (width 0.12))
    (fp_line (start -2.8 4.16) (end -2.8 4.9) (layer F.SilkS) (width 0.12))
    (fp_line (start -2.8 4.9) (end -2.3 4.9) (layer F.SilkS) (width 0.12))
    (fp_line (start -3 -5.71) (end -3 5.1) (layer F.CrtYd) (width 0.05))
    (fp_line (start -3 5.1) (end 8 5.1) (layer F.CrtYd) (width 0.05))
    (fp_line (start 8 5.1) (end 8 -5.71) (layer F.CrtYd) (width 0.05))
    (fp_line (start 8 -5.71) (end -3 -5.71) (layer F.CrtYd) (width 0.05))
    (fp_line (start 1.123 2.6) (end 3.937 2.6) (layer F.SilkS) (width 0.12))
    (fp_line (start 6.223 2.6) (end 7.493 2.6) (layer F.SilkS) (width 0.12))
    (fp_line (start -2.56 4.064) (end -1.143 4.064) (layer F.SilkS) (width 0.12))
    (fp_line (start 1.123 4.064) (end 3.937 4.064) (layer F.SilkS) (width 0.12))
    (fp_line (start 6.223 4.064) (end 7.493 4.064) (layer F.SilkS) (width 0.12))
    (pad 2 thru_hole circle (at 5.1308 3.302) (size 2.5 2.5) (drill 1.8) (layers *.Cu *.Mask)
      (net 10 "Net-(J3-Pad2)"))
    (pad 1 thru_hole circle (at 0 3.302) (size 2.5 2.5) (drill 1.8) (layers *.Cu *.Mask)
      (net 2 GND))
    (pad 2 thru_hole circle (at 5.127 0) (size 3 3) (drill 1.3) (layers *.Cu *.Mask)
      (net 10 "Net-(J3-Pad2)"))
    (pad 1 thru_hole rect (at 0 0) (size 3 3) (drill 1.3) (layers *.Cu *.Mask)
      (net 2 GND))
  )

  (module e-Power:TerminalBlock_Phoenix_MKDS-1,5-2_1x02_P5.08mm_Horizontal (layer F.Cu) (tedit 5F340C83) (tstamp 614A61C1)
    (at 92.861921 46.458821)
    (descr "Terminal Block Phoenix MKDS-1,5-2, 2 pins, pitch 5.08mm, size 10x9.8mm^2, drill diamater 1.3mm, pad diameter 2.6mm, see http://www.farnell.com/datasheets/100425.pdf, script-generated using https://github.com/pointhi/kicad-footprint-generator/scripts/TerminalBlock_Phoenix")
    (tags "THT Terminal Block Phoenix MKDS-1,5-2 pitch 5.08mm size 10x9.8mm^2 drill 1.3mm pad 2.6mm")
    (path /5F372D5C)
    (fp_text reference J8 (at 10.414 0) (layer F.SilkS)
      (effects (font (size 1 1) (thickness 0.15)))
    )
    (fp_text value "voltage supply" (at 2.413 6.604) (layer F.Fab)
      (effects (font (size 1 1) (thickness 0.15)))
    )
    (fp_line (start 6.223 4.064) (end 7.493 4.064) (layer F.SilkS) (width 0.12))
    (fp_line (start 1.123 4.064) (end 3.937 4.064) (layer F.SilkS) (width 0.12))
    (fp_line (start -2.56 4.064) (end -1.143 4.064) (layer F.SilkS) (width 0.12))
    (fp_line (start 6.223 2.6) (end 7.493 2.6) (layer F.SilkS) (width 0.12))
    (fp_line (start 1.123 2.6) (end 3.937 2.6) (layer F.SilkS) (width 0.12))
    (fp_line (start 8 -5.71) (end -3 -5.71) (layer F.CrtYd) (width 0.05))
    (fp_line (start 8 5.1) (end 8 -5.71) (layer F.CrtYd) (width 0.05))
    (fp_line (start -3 5.1) (end 8 5.1) (layer F.CrtYd) (width 0.05))
    (fp_line (start -3 -5.71) (end -3 5.1) (layer F.CrtYd) (width 0.05))
    (fp_line (start -2.8 4.9) (end -2.3 4.9) (layer F.SilkS) (width 0.12))
    (fp_line (start -2.8 4.16) (end -2.8 4.9) (layer F.SilkS) (width 0.12))
    (fp_line (start 3.9 1.023) (end 3.853 1.069) (layer F.SilkS) (width 0.12))
    (fp_line (start 6.197 -1.275) (end 6.162 -1.239) (layer F.SilkS) (width 0.12))
    (fp_line (start 4.093 1.239) (end 4.058 1.274) (layer F.SilkS) (width 0.12))
    (fp_line (start 6.402 -1.069) (end 6.355 -1.023) (layer F.SilkS) (width 0.12))
    (fp_line (start 6.082 -1.138) (end 3.99 0.955) (layer F.Fab) (width 0.1))
    (fp_line (start 6.265 -0.955) (end 4.173 1.138) (layer F.Fab) (width 0.1))
    (fp_line (start 0.955 -1.138) (end -1.138 0.955) (layer F.Fab) (width 0.1))
    (fp_line (start 1.138 -0.955) (end -0.955 1.138) (layer F.Fab) (width 0.1))
    (fp_line (start 7.56 -5.261) (end 7.56 4.66) (layer F.SilkS) (width 0.12))
    (fp_line (start -2.56 -5.261) (end -2.56 4.66) (layer F.SilkS) (width 0.12))
    (fp_line (start -2.56 4.66) (end 7.56 4.66) (layer F.SilkS) (width 0.12))
    (fp_line (start -2.56 -5.261) (end 7.56 -5.261) (layer F.SilkS) (width 0.12))
    (fp_line (start -2.56 -2.301) (end 7.56 -2.301) (layer F.SilkS) (width 0.12))
    (fp_line (start -2.5 -2.3) (end 7.5 -2.3) (layer F.Fab) (width 0.1))
    (fp_line (start -2.56 2.6) (end -1.143 2.6) (layer F.SilkS) (width 0.12))
    (fp_line (start -2.5 2.6) (end 7.5 2.6) (layer F.Fab) (width 0.1))
    (fp_line (start -2.5 4.1) (end 7.5 4.1) (layer F.Fab) (width 0.1))
    (fp_line (start -2.5 4.1) (end -2.5 -5.2) (layer F.Fab) (width 0.1))
    (fp_line (start -2 4.6) (end -2.5 4.1) (layer F.Fab) (width 0.1))
    (fp_line (start 7.5 4.6) (end -2 4.6) (layer F.Fab) (width 0.1))
    (fp_line (start 7.5 -5.2) (end 7.5 4.6) (layer F.Fab) (width 0.1))
    (fp_line (start -2.5 -5.2) (end 7.5 -5.2) (layer F.Fab) (width 0.1))
    (fp_circle (center 5.127 0) (end 6.807 0) (layer F.SilkS) (width 0.12))
    (fp_circle (center 5.127 0) (end 6.627 0) (layer F.Fab) (width 0.1))
    (fp_circle (center 0 0) (end 1.5 0) (layer F.Fab) (width 0.1))
    (fp_arc (start 0 0) (end 0 1.68) (angle -24) (layer F.SilkS) (width 0.12))
    (fp_arc (start 0 0) (end 1.535 0.684) (angle -48) (layer F.SilkS) (width 0.12))
    (fp_arc (start 0 0) (end 0.684 -1.535) (angle -48) (layer F.SilkS) (width 0.12))
    (fp_arc (start 0 0) (end -1.535 -0.684) (angle -48) (layer F.SilkS) (width 0.12))
    (fp_arc (start 0 0) (end -0.684 1.535) (angle -25) (layer F.SilkS) (width 0.12))
    (fp_text user %R (at 0 -3.048) (layer F.Fab)
      (effects (font (size 1 1) (thickness 0.15)))
    )
    (pad 1 thru_hole rect (at 0 0) (size 3 3) (drill 1.3) (layers *.Cu *.Mask)
      (net 2 GND))
    (pad 2 thru_hole circle (at 5.127 0) (size 3 3) (drill 1.3) (layers *.Cu *.Mask)
      (net 6 Input_Power))
    (pad 1 thru_hole circle (at 0 3.302) (size 2.5 2.5) (drill 1.8) (layers *.Cu *.Mask)
      (net 2 GND))
    (pad 2 thru_hole circle (at 5.1308 3.302) (size 2.5 2.5) (drill 1.8) (layers *.Cu *.Mask)
      (net 6 Input_Power))
  )

  (module e-Power:Relay_SPDT_SANYOU_SRD (layer F.Cu) (tedit 5F2F176F) (tstamp 614A61EA)
    (at 58.211921 48.698821)
    (descr "relay Sanyou SRD series Form C http://www.sanyourelay.ca/public/products/pdf/SRD.pdf")
