(kicad_pcb (version 20171130) (host pcbnew "(5.1.5)-3")

  (general
    (thickness 1.6)
    (drawings 20)
    (tracks 744)
    (zones 0)
    (modules 113)
    (nets 71)
  )

  (page A4)
  (layers
    (0 F.Cu signal)
    (31 B.Cu signal)
    (32 B.Adhes user)
    (33 F.Adhes user)
    (34 B.Paste user)
    (35 F.Paste user)
    (36 B.SilkS user)
    (37 F.SilkS user)
    (38 B.Mask user)
    (39 F.Mask user)
    (40 Dwgs.User user)
    (41 Cmts.User user)
    (42 Eco1.User user)
    (43 Eco2.User user)
    (44 Edge.Cuts user)
    (45 Margin user)
    (46 B.CrtYd user)
    (47 F.CrtYd user)
    (48 B.Fab user)
    (49 F.Fab user)
  )

  (setup
    (last_trace_width 0.25)
    (user_trace_width 0.3)
    (user_trace_width 0.4)
    (user_trace_width 0.5)
    (user_trace_width 1)
    (trace_clearance 0.2)
    (zone_clearance 0.508)
    (zone_45_only no)
    (trace_min 0.2)
    (via_size 0.8)
    (via_drill 0.4)
    (via_min_size 0.4)
    (via_min_drill 0.3)
    (uvia_size 0.3)
    (uvia_drill 0.1)
    (uvias_allowed no)
    (uvia_min_size 0.2)
    (uvia_min_drill 0.1)
    (edge_width 0.05)
    (segment_width 0.2)
    (pcb_text_width 0.3)
    (pcb_text_size 1.5 1.5)
    (mod_edge_width 0.12)
    (mod_text_size 1 1)
    (mod_text_width 0.15)
    (pad_size 6.4 6.4)
    (pad_drill 3.2)
    (pad_to_mask_clearance 0.051)
    (solder_mask_min_width 0.25)
    (aux_axis_origin 0 0)
    (visible_elements 7FFFFFFF)
    (pcbplotparams
      (layerselection 0x010fc_ffffffff)
      (usegerberextensions false)
      (usegerberattributes false)
      (usegerberadvancedattributes false)
      (creategerberjobfile false)
      (excludeedgelayer true)
      (linewidth 0.100000)
      (plotframeref false)
      (viasonmask false)
      (mode 1)
      (useauxorigin false)
      (hpglpennumber 1)
      (hpglpenspeed 20)
      (hpglpendiameter 15.000000)
      (psnegative false)
      (psa4output false)
      (plotreference true)
      (plotvalue true)
      (plotinvisibletext false)
      (padsonsilk false)
      (subtractmaskfromsilk false)
      (outputformat 1)
      (mirror false)
      (drillshape 1)
      (scaleselection 1)
      (outputdirectory ""))
  )

  (net 0 "")
  (net 1 "Net-(C1-Pad2)")
  (net 2 +12V)
  (net 3 GND)
  (net 4 "Net-(D1-Pad2)")
  (net 5 "Net-(D2-Pad2)")
  (net 6 "Net-(D3-Pad2)")
  (net 7 "Net-(D6-Pad1)")
  (net 8 "Net-(D10-Pad2)")
  (net 9 "Net-(F1-Pad2)")
  (net 10 "Net-(J1-Pad2)")
  (net 11 "Net-(J2-Pad2)")
  (net 12 "Net-(J3-Pad2)")
  (net 13 "Net-(J4-Pad1)")
  (net 14 "Net-(J4-Pad2)")
  (net 15 "Net-(J5-Pad1)")
  (net 16 "Net-(J5-Pad2)")
  (net 17 "Net-(J6-Pad2)")
  (net 18 "Net-(J6-Pad1)")
  (net 19 /ledRED_IMD)
  (net 20 /ledRED_BMS)
  (net 21 /ledRED_BSPD)
  (net 22 /ledGREEN_IMD)
  (net 23 /ledGREEN_BMS)
  (net 24 /ledGREEN_BSPD)
  (net 25 "Net-(J7-Pad8)")
  (net 26 "Net-(K1-Pad1)")
  (net 27 "Net-(K1-Pad4)")
  (net 28 "Net-(K1-Pad3)")
  (net 29 "Net-(K2-Pad1)")
  (net 30 "Net-(K2-Pad4)")
  (net 31 "Net-(K2-Pad3)")
  (net 32 "Net-(K3-Pad1)")
  (net 33 "Net-(K3-Pad4)")
  (net 34 "Net-(K3-Pad3)")
  (net 35 "Net-(K4-Pad3)")
  (net 36 "Net-(K5-Pad3)")
  (net 37 "Net-(K6-Pad3)")
  (net 38 "Net-(Q1-Pad2)")
  (net 39 "Net-(Q2-Pad2)")
  (net 40 "Net-(Q3-Pad2)")
  (net 41 "Net-(Q7-Pad2)")
  (net 42 "Net-(Q7-Pad1)")
  (net 43 "Net-(Q8-Pad2)")
  (net 44 "Net-(Q8-Pad1)")
  (net 45 "Net-(Q9-Pad1)")
  (net 46 "Net-(Q9-Pad2)")
  (net 47 "Net-(Q10-Pad2)")
  (net 48 "Net-(Q11-Pad1)")
  (net 49 "Net-(Q11-Pad2)")
  (net 50 "Net-(Q12-Pad1)")
  (net 51 "Net-(Q12-Pad2)")
  (net 52 "Net-(Q13-Pad2)")
  (net 53 "Net-(Q14-Pad2)")
  (net 54 "Net-(Q14-Pad1)")
  (net 55 "Net-(Q15-Pad1)")
  (net 56 "Net-(Q15-Pad2)")
  (net 57 "Net-(Q16-Pad2)")
  (net 58 "Net-(Q17-Pad2)")
  (net 59 "Net-(Q17-Pad1)")
  (net 60 "Net-(Q18-Pad2)")
  (net 61 "Net-(Q18-Pad1)")
  (net 62 /A_IMD)
  (net 63 /A_BMS)
  (net 64 /A_BSPD)
  (net 65 "Net-(R31-Pad2)")
  (net 66 "Net-(R38-Pad2)")
  (net 67 "Net-(Q4-Pad1)")
  (net 68 "Net-(Q5-Pad1)")
  (net 69 "Net-(Q6-Pad1)")
  (net 70 Input_Power)

  (net_class Default "Esta é a classe de rede padrão."
    (clearance 0.2)
    (trace_width 0.25)
    (via_dia 0.8)
    (via_drill 0.4)
    (uvia_dia 0.3)
    (uvia_drill 0.1)
    (add_net +12V)
    (add_net /A_BMS)
    (add_net /A_BSPD)
    (add_net /A_IMD)
    (add_net /ledGREEN_BMS)
    (add_net /ledGREEN_BSPD)
    (add_net /ledGREEN_IMD)
    (add_net /ledRED_BMS)
    (add_net /ledRED_BSPD)
    (add_net /ledRED_IMD)
    (add_net GND)
    (add_net Input_Power)
    (add_net "Net-(C1-Pad2)")
    (add_net "Net-(D1-Pad2)")
    (add_net "Net-(D10-Pad2)")
    (add_net "Net-(D2-Pad2)")
    (add_net "Net-(D3-Pad2)")
    (add_net "Net-(D6-Pad1)")
    (add_net "Net-(F1-Pad2)")
    (add_net "Net-(J1-Pad2)")
    (add_net "Net-(J2-Pad2)")
    (add_net "Net-(J3-Pad2)")
    (add_net "Net-(J4-Pad1)")
    (add_net "Net-(J4-Pad2)")
    (add_net "Net-(J5-Pad1)")
    (add_net "Net-(J5-Pad2)")
    (add_net "Net-(J6-Pad1)")
    (add_net "Net-(J6-Pad2)")
    (add_net "Net-(J7-Pad8)")
    (add_net "Net-(K1-Pad1)")
    (add_net "Net-(K1-Pad3)")
    (add_net "Net-(K1-Pad4)")
    (add_net "Net-(K2-Pad1)")
    (add_net "Net-(K2-Pad3)")
    (add_net "Net-(K2-Pad4)")
    (add_net "Net-(K3-Pad1)")
    (add_net "Net-(K3-Pad3)")
    (add_net "Net-(K3-Pad4)")
    (add_net "Net-(K4-Pad3)")
    (add_net "Net-(K5-Pad3)")
    (add_net "Net-(K6-Pad3)")
    (add_net "Net-(Q1-Pad2)")
    (add_net "Net-(Q10-Pad2)")
    (add_net "Net-(Q11-Pad1)")
    (add_net "Net-(Q11-Pad2)")
    (add_net "Net-(Q12-Pad1)")
    (add_net "Net-(Q12-Pad2)")
    (add_net "Net-(Q13-Pad2)")
    (add_net "Net-(Q14-Pad1)")
    (add_net "Net-(Q14-Pad2)")
    (add_net "Net-(Q15-Pad1)")
    (add_net "Net-(Q15-Pad2)")
    (add_net "Net-(Q16-Pad2)")
    (add_net "Net-(Q17-Pad1)")
    (add_net "Net-(Q17-Pad2)")
    (add_net "Net-(Q18-Pad1)")
    (add_net "Net-(Q18-Pad2)")
    (add_net "Net-(Q2-Pad2)")
    (add_net "Net-(Q3-Pad2)")
    (add_net "Net-(Q4-Pad1)")
    (add_net "Net-(Q5-Pad1)")
    (add_net "Net-(Q6-Pad1)")
    (add_net "Net-(Q7-Pad1)")
    (add_net "Net-(Q7-Pad2)")
    (add_net "Net-(Q8-Pad1)")
    (add_net "Net-(Q8-Pad2)")
    (add_net "Net-(Q9-Pad1)")
    (add_net "Net-(Q9-Pad2)")
    (add_net "Net-(R31-Pad2)")
    (add_net "Net-(R38-Pad2)")
  )

  (module e-Power:TerminalBlock_Phoenix_MKDS-1,5-2_1x02_P5.08mm_Horizontal (layer F.Cu) (tedit 5F340C83) (tstamp 5F3B4276)
    (at 118.237 75.184 270)
    (descr "Terminal Block Phoenix MKDS-1,5-2, 2 pins, pitch 5.08mm, size 10x9.8mm^2, drill diamater 1.3mm, pad diameter 2.6mm, see http://www.farnell.com/datasheets/100425.pdf, script-generated using https://github.com/pointhi/kicad-footprint-generator/scripts/TerminalBlock_Phoenix")
    (tags "THT Terminal Block Phoenix MKDS-1,5-2 pitch 5.08mm size 10x9.8mm^2 drill 1.3mm pad 2.6mm")
    (path /5E34C677)
    (fp_text reference J4 (at 10.414 0 90) (layer F.SilkS)
      (effects (font (size 1 1) (thickness 0.15)))
    )
    (fp_text value IMD_SHTDNW (at 2.413 6.604 90) (layer F.Fab)
      (effects (font (size 1 1) (thickness 0.15)))
    )
    (fp_arc (start 0 0) (end 0 1.68) (angle -24) (layer F.SilkS) (width 0.12))
    (fp_arc (start 0 0) (end 1.535 0.684) (angle -48) (layer F.SilkS) (width 0.12))
    (fp_arc (start 0 0) (end 0.684 -1.535) (angle -48) (layer F.SilkS) (width 0.12))
    (fp_arc (start 0 0) (end -1.535 -0.684) (angle -48) (layer F.SilkS) (width 0.12))
    (fp_arc (start 0 0) (end -0.684 1.535) (angle -25) (layer F.SilkS) (width 0.12))
    (fp_circle (center 0 0) (end 1.5 0) (layer F.Fab) (width 0.1))
    (fp_circle (center 5.127 0) (end 6.627 0) (layer F.Fab) (width 0.1))
    (fp_circle (center 5.127 0) (end 6.807 0) (layer F.SilkS) (width 0.12))
    (fp_line (start -2.5 -5.2) (end 7.5 -5.2) (layer F.Fab) (width 0.1))
    (fp_line (start 7.5 -5.2) (end 7.5 4.6) (layer F.Fab) (width 0.1))
    (fp_line (start 7.5 4.6) (end -2 4.6) (layer F.Fab) (width 0.1))
    (fp_line (start -2 4.6) (end -2.5 4.1) (layer F.Fab) (width 0.1))
    (fp_line (start -2.5 4.1) (end -2.5 -5.2) (layer F.Fab) (width 0.1))
    (fp_line (start -2.5 4.1) (end 7.5 4.1) (layer F.Fab) (width 0.1))
    (fp_line (start -2.5 2.6) (end 7.5 2.6) (layer F.Fab) (width 0.1))
    (fp_line (start -2.56 2.6) (end -1.143 2.6) (layer F.SilkS) (width 0.12))
    (fp_line (start -2.5 -2.3) (end 7.5 -2.3) (layer F.Fab) (width 0.1))
    (fp_line (start -2.56 -2.301) (end 7.56 -2.301) (layer F.SilkS) (width 0.12))
    (fp_line (start -2.56 -5.261) (end 7.56 -5.261) (layer F.SilkS) (width 0.12))
    (fp_line (start -2.56 4.66) (end 7.56 4.66) (layer F.SilkS) (width 0.12))
    (fp_line (start -2.56 -5.261) (end -2.56 4.66) (layer F.SilkS) (width 0.12))
    (fp_line (start 7.56 -5.261) (end 7.56 4.66) (layer F.SilkS) (width 0.12))
    (fp_line (start 1.138 -0.955) (end -0.955 1.138) (layer F.Fab) (width 0.1))
    (fp_line (start 0.955 -1.138) (end -1.138 0.955) (layer F.Fab) (width 0.1))
    (fp_line (start 6.265 -0.955) (end 4.173 1.138) (layer F.Fab) (width 0.1))
    (fp_line (start 6.082 -1.138) (end 3.99 0.955) (layer F.Fab) (width 0.1))
    (fp_line (start 6.402 -1.069) (end 6.355 -1.023) (layer F.SilkS) (width 0.12))
    (fp_line (start 4.093 1.239) (end 4.058 1.274) (layer F.SilkS) (width 0.12))
    (fp_line (start 6.197 -1.275) (end 6.162 -1.239) (layer F.SilkS) (width 0.12))
    (fp_line (start 3.9 1.023) (end 3.853 1.069) (layer F.SilkS) (width 0.12))
    (fp_line (start -2.8 4.16) (end -2.8 4.9) (layer F.SilkS) (width 0.12))
    (fp_line (start -2.8 4.9) (end -2.3 4.9) (layer F.SilkS) (width 0.12))
    (fp_line (start -3 -5.71) (end -3 5.1) (layer F.CrtYd) (width 0.05))
    (fp_line (start -3 5.1) (end 8 5.1) (layer F.CrtYd) (width 0.05))
    (fp_line (start 8 5.1) (end 8 -5.71) (layer F.CrtYd) (width 0.05))
    (fp_line (start 8 -5.71) (end -3 -5.71) (layer F.CrtYd) (width 0.05))
    (fp_text user %R (at 0 -3.048 90) (layer F.Fab)
      (effects (font (size 1 1) (thickness 0.15)))
    )
    (fp_line (start 1.123 2.6) (end 3.937 2.6) (layer F.SilkS) (width 0.12))
    (fp_line (start 6.223 2.6) (end 7.493 2.6) (layer F.SilkS) (width 0.12))
    (fp_line (start -2.56 4.064) (end -1.143 4.064) (layer F.SilkS) (width 0.12))
    (fp_line (start 1.123 4.064) (end 3.937 4.064) (layer F.SilkS) (width 0.12))
    (fp_line (start 6.223 4.064) (end 7.493 4.064) (layer F.SilkS) (width 0.12))
    (pad 1 thru_hole rect (at 0 0 270) (size 3 3) (drill 1.3) (layers *.Cu *.Mask)
      (net 13 "Net-(J4-Pad1)"))
    (pad 2 thru_hole circle (at 5.127 0 270) (size 3 3) (drill 1.3) (layers *.Cu *.Mask)
      (net 14 "Net-(J4-Pad2)"))
    (pad 1 thru_hole circle (at 0 3.302 270) (size 2.5 2.5) (drill 1.8) (layers *.Cu *.Mask)
      (net 13 "Net-(J4-Pad1)"))
    (pad 2 thru_hole circle (at 5.1308 3.302 270) (size 2.5 2.5) (drill 1.8) (layers *.Cu *.Mask)
      (net 14 "Net-(J4-Pad2)"))
  )

  (module e-Power:TerminalBlock_Phoenix_MKDS-1,5-2_1x02_P5.08mm_Horizontal (layer F.Cu) (tedit 5F340C83) (tstamp 5F3B134E)
    (at 118.237 92.964 270)
    (descr "Terminal Block Phoenix MKDS-1,5-2, 2 pins, pitch 5.08mm, size 10x9.8mm^2, drill diamater 1.3mm, pad diameter 2.6mm, see http://www.farnell.com/datasheets/100425.pdf, script-generated using https://github.com/pointhi/kicad-footprint-generator/scripts/TerminalBlock_Phoenix")
    (tags "THT Terminal Block Phoenix MKDS-1,5-2 pitch 5.08mm size 10x9.8mm^2 drill 1.3mm pad 2.6mm")
    (path /5E394979)
    (fp_text reference J5 (at 10.414 0 90) (layer F.SilkS)
      (effects (font (size 1 1) (thickness 0.15)))
    )
    (fp_text value BMS_SHTDNW (at 2.413 6.604 90) (layer F.Fab)
      (effects (font (size 1 1) (thickness 0.15)))
    )
    (fp_line (start 6.223 4.064) (end 7.493 4.064) (layer F.SilkS) (width 0.12))
    (fp_line (start 1.123 4.064) (end 3.937 4.064) (layer F.SilkS) (width 0.12))
    (fp_line (start -2.56 4.064) (end -1.143 4.064) (layer F.SilkS) (width 0.12))
    (fp_line (start 6.223 2.6) (end 7.493 2.6) (layer F.SilkS) (width 0.12))
    (fp_line (start 1.123 2.6) (end 3.937 2.6) (layer F.SilkS) (width 0.12))
    (fp_text user %R (at 0 -3.048 90) (layer F.Fab)
      (effects (font (size 1 1) (thickness 0.15)))
    )
    (fp_line (start 8 -5.71) (end -3 -5.71) (layer F.CrtYd) (width 0.05))
    (fp_line (start 8 5.1) (end 8 -5.71) (layer F.CrtYd) (width 0.05))
    (fp_line (start -3 5.1) (end 8 5.1) (layer F.CrtYd) (width 0.05))
    (fp_line (start -3 -5.71) (end -3 5.1) (layer F.CrtYd) (width 0.05))
    (fp_line (start -2.8 4.9) (end -2.3 4.9) (layer F.SilkS) (width 0.12))
    (fp_line (start -2.8 4.16) (end -2.8 4.9) (layer F.SilkS) (width 0.12))
    (fp_line (start 3.9 1.023) (end 3.853 1.069) (layer F.SilkS) (width 0.12))
    (fp_line (start 6.197 -1.275) (end 6.162 -1.239) (layer F.SilkS) (width 0.12))
    (fp_line (start 4.093 1.239) (end 4.058 1.274) (layer F.SilkS) (width 0.12))
    (fp_line (start 6.402 -1.069) (end 6.355 -1.023) (layer F.SilkS) (width 0.12))
    (fp_line (start 6.082 -1.138) (end 3.99 0.955) (layer F.Fab) (width 0.1))
    (fp_line (start 6.265 -0.955) (end 4.173 1.138) (layer F.Fab) (width 0.1))
    (fp_line (start 0.955 -1.138) (end -1.138 0.955) (layer F.Fab) (width 0.1))
    (fp_line (start 1.138 -0.955) (end -0.955 1.138) (layer F.Fab) (width 0.1))
    (fp_line (start 7.56 -5.261) (end 7.56 4.66) (layer F.SilkS) (width 0.12))
    (fp_line (start -2.56 -5.261) (end -2.56 4.66) (layer F.SilkS) (width 0.12))
    (fp_line (start -2.56 4.66) (end 7.56 4.66) (layer F.SilkS) (width 0.12))
    (fp_line (start -2.56 -5.261) (end 7.56 -5.261) (layer F.SilkS) (width 0.12))
    (fp_line (start -2.56 -2.301) (end 7.56 -2.301) (layer F.SilkS) (width 0.12))
    (fp_line (start -2.5 -2.3) (end 7.5 -2.3) (layer F.Fab) (width 0.1))
    (fp_line (start -2.56 2.6) (end -1.143 2.6) (layer F.SilkS) (width 0.12))
    (fp_line (start -2.5 2.6) (end 7.5 2.6) (layer F.Fab) (width 0.1))
    (fp_line (start -2.5 4.1) (end 7.5 4.1) (layer F.Fab) (width 0.1))
    (fp_line (start -2.5 4.1) (end -2.5 -5.2) (layer F.Fab) (width 0.1))
    (fp_line (start -2 4.6) (end -2.5 4.1) (layer F.Fab) (width 0.1))
    (fp_line (start 7.5 4.6) (end -2 4.6) (layer F.Fab) (width 0.1))
    (fp_line (start 7.5 -5.2) (end 7.5 4.6) (layer F.Fab) (width 0.1))
    (fp_line (start -2.5 -5.2) (end 7.5 -5.2) (layer F.Fab) (width 0.1))
    (fp_circle (center 5.127 0) (end 6.807 0) (layer F.SilkS) (width 0.12))
    (fp_circle (center 5.127 0) (end 6.627 0) (layer F.Fab) (width 0.1))
    (fp_circle (center 0 0) (end 1.5 0) (layer F.Fab) (width 0.1))
    (fp_arc (start 0 0) (end -0.684 1.535) (angle -25) (layer F.SilkS) (width 0.12))
    (fp_arc (start 0 0) (end -1.535 -0.684) (angle -48) (layer F.SilkS) (width 0.12))
    (fp_arc (start 0 0) (end 0.684 -1.535) (angle -48) (layer F.SilkS) (width 0.12))
    (fp_arc (start 0 0) (end 1.535 0.684) (angle -48) (layer F.SilkS) (width 0.12))
    (fp_arc (start 0 0) (end 0 1.68) (angle -24) (layer F.SilkS) (width 0.12))
    (pad 2 thru_hole circle (at 5.1308 3.302 270) (size 2.5 2.5) (drill 1.8) (layers *.Cu *.Mask)
      (net 16 "Net-(J5-Pad2)"))
    (pad 1 thru_hole circle (at 0 3.302 270) (size 2.5 2.5) (drill 1.8) (layers *.Cu *.Mask)
      (net 15 "Net-(J5-Pad1)"))
    (pad 2 thru_hole circle (at 5.127 0 270) (size 3 3) (drill 1.3) (layers *.Cu *.Mask)
      (net 16 "Net-(J5-Pad2)"))
    (pad 1 thru_hole rect (at 0 0 270) (size 3 3) (drill 1.3) (layers *.Cu *.Mask)
      (net 15 "Net-(J5-Pad1)"))
  )

  (module e-Power:TerminalBlock_Phoenix_MKDS-1,5-2_1x02_P5.08mm_Horizontal (layer F.Cu) (tedit 5F340C83) (tstamp 5F3B137F)
    (at 118.237 110.6805 270)
    (descr "Terminal Block Phoenix MKDS-1,5-2, 2 pins, pitch 5.08mm, size 10x9.8mm^2, drill diamater 1.3mm, pad diameter 2.6mm, see http://www.farnell.com/datasheets/100425.pdf, script-generated using https://github.com/pointhi/kicad-footprint-generator/scripts/TerminalBlock_Phoenix")
    (tags "THT Terminal Block Phoenix MKDS-1,5-2 pitch 5.08mm size 10x9.8mm^2 drill 1.3mm pad 2.6mm")
    (path /5E3B5B67)
    (fp_text reference J6 (at 10.414 0 90) (layer F.SilkS)
      (effects (font (size 1 1) (thickness 0.15)))
    )
    (fp_text value BSPD_SHTDNW (at 2.413 6.604 90) (layer F.Fab)
      (effects (font (size 1 1) (thickness 0.15)))
    )
    (fp_line (start 6.223 4.064) (end 7.493 4.064) (layer F.SilkS) (width 0.12))
    (fp_line (start 1.123 4.064) (end 3.937 4.064) (layer F.SilkS) (width 0.12))
    (fp_line (start -2.56 4.064) (end -1.143 4.064) (layer F.SilkS) (width 0.12))
    (fp_line (start 6.223 2.6) (end 7.493 2.6) (layer F.SilkS) (width 0.12))
    (fp_line (start 1.123 2.6) (end 3.937 2.6) (layer F.SilkS) (width 0.12))
    (fp_text user %R (at 0 -3.048 90) (layer F.Fab)
      (effects (font (size 1 1) (thickness 0.15)))
    )
    (fp_line (start 8 -5.71) (end -3 -5.71) (layer F.CrtYd) (width 0.05))
    (fp_line (start 8 5.1) (end 8 -5.71) (layer F.CrtYd) (width 0.05))
    (fp_line (start -3 5.1) (end 8 5.1) (layer F.CrtYd) (width 0.05))
    (fp_line (start -3 -5.71) (end -3 5.1) (layer F.CrtYd) (width 0.05))
    (fp_line (start -2.8 4.9) (end -2.3 4.9) (layer F.SilkS) (width 0.12))
    (fp_line (start -2.8 4.16) (end -2.8 4.9) (layer F.SilkS) (width 0.12))
    (fp_line (start 3.9 1.023) (end 3.853 1.069) (layer F.SilkS) (width 0.12))
    (fp_line (start 6.197 -1.275) (end 6.162 -1.239) (layer F.SilkS) (width 0.12))
    (fp_line (start 4.093 1.239) (end 4.058 1.274) (layer F.SilkS) (width 0.12))
    (fp_line (start 6.402 -1.069) (end 6.355 -1.023) (layer F.SilkS) (width 0.12))
    (fp_line (start 6.082 -1.138) (end 3.99 0.955) (layer F.Fab) (width 0.1))
    (fp_line (start 6.265 -0.955) (end 4.173 1.138) (layer F.Fab) (width 0.1))
    (fp_line (start 0.955 -1.138) (end -1.138 0.955) (layer F.Fab) (width 0.1))
    (fp_line (start 1.138 -0.955) (end -0.955 1.138) (layer F.Fab) (width 0.1))
    (fp_line (start 7.56 -5.261) (end 7.56 4.66) (layer F.SilkS) (width 0.12))
    (fp_line (start -2.56 -5.261) (end -2.56 4.66) (layer F.SilkS) (width 0.12))
    (fp_line (start -2.56 4.66) (end 7.56 4.66) (layer F.SilkS) (width 0.12))
    (fp_line (start -2.56 -5.261) (end 7.56 -5.261) (layer F.SilkS) (width 0.12))
    (fp_line (start -2.56 -2.301) (end 7.56 -2.301) (layer F.SilkS) (width 0.12))
    (fp_line (start -2.5 -2.3) (end 7.5 -2.3) (layer F.Fab) (width 0.1))
    (fp_line (start -2.56 2.6) (end -1.143 2.6) (layer F.SilkS) (width 0.12))
    (fp_line (start -2.5 2.6) (end 7.5 2.6) (layer F.Fab) (width 0.1))
    (fp_line (start -2.5 4.1) (end 7.5 4.1) (layer F.Fab) (width 0.1))
    (fp_line (start -2.5 4.1) (end -2.5 -5.2) (layer F.Fab) (width 0.1))
    (fp_line (start -2 4.6) (end -2.5 4.1) (layer F.Fab) (width 0.1))
    (fp_line (start 7.5 4.6) (end -2 4.6) (layer F.Fab) (width 0.1))
    (fp_line (start 7.5 -5.2) (end 7.5 4.6) (layer F.Fab) (width 0.1))
    (fp_line (start -2.5 -5.2) (end 7.5 -5.2) (layer F.Fab) (width 0.1))
    (fp_circle (center 5.127 0) (end 6.807 0) (layer F.SilkS) (width 0.12))
    (fp_circle (center 5.127 0) (end 6.627 0) (layer F.Fab) (width 0.1))
    (fp_circle (center 0 0) (end 1.5 0) (layer F.Fab) (width 0.1))
    (fp_arc (start 0 0) (end -0.684 1.535) (angle -25) (layer F.SilkS) (width 0.12))
    (fp_arc (start 0 0) (end -1.535 -0.684) (angle -48) (layer F.SilkS) (width 0.12))
    (fp_arc (start 0 0) (end 0.684 -1.535) (angle -48) (layer F.SilkS) (width 0.12))
    (fp_arc (start 0 0) (end 1.535 0.684) (angle -48) (layer F.SilkS) (width 0.12))
    (fp_arc (start 0 0) (end 0 1.68) (angle -24) (layer F.SilkS) (width 0.12))
    (pad 2 thru_hole circle (at 5.1308 3.302 270) (size 2.5 2.5) (drill 1.8) (layers *.Cu *.Mask)
      (net 17 "Net-(J6-Pad2)"))
    (pad 1 thru_hole circle (at 0 3.302 270) (size 2.5 2.5) (drill 1.8) (layers *.Cu *.Mask)
      (net 18 "Net-(J6-Pad1)"))
    (pad 2 thru_hole circle (at 5.127 0 270) (size 3 3) (drill 1.3) (layers *.Cu *.Mask)
      (net 17 "Net-(J6-Pad2)"))
    (pad 1 thru_hole rect (at 0 0 270) (size 3 3) (drill 1.3) (layers *.Cu *.Mask)
      (net 18 "Net-(J6-Pad1)"))
  )

  (module e-Power:TerminalBlock_Phoenix_MKDS-1,5-2_1x02_P5.08mm_Horizontal (layer F.Cu) (tedit 5F340C83) (tstamp 5F3B1E99)
    (at 207.7085 118.11 90)
    (descr "Terminal Block Phoenix MKDS-1,5-2, 2 pins, pitch 5.08mm, size 10x9.8mm^2, drill diamater 1.3mm, pad diameter 2.6mm, see http://www.farnell.com/datasheets/100425.pdf, script-generated using https://github.com/pointhi/kicad-footprint-generator/scripts/TerminalBlock_Phoenix")
    (tags "THT Terminal Block Phoenix MKDS-1,5-2 pitch 5.08mm size 10x9.8mm^2 drill 1.3mm pad 2.6mm")
    (path /5F2AF472)
    (fp_text reference J2 (at 10.414 0 90) (layer F.SilkS)
      (effects (font (size 1 1) (thickness 0.15)))
    )
    (fp_text value BSPD (at 2.413 6.604 90) (layer F.Fab)
      (effects (font (size 1 1) (thickness 0.15)))
    )
    (fp_arc (start 0 0) (end 0 1.68) (angle -24) (layer F.SilkS) (width 0.12))
    (fp_arc (start 0 0) (end 1.535 0.684) (angle -48) (layer F.SilkS) (width 0.12))
    (fp_arc (start 0 0) (end 0.684 -1.535) (angle -48) (layer F.SilkS) (width 0.12))
    (fp_arc (start 0 0) (end -1.535 -0.684) (angle -48) (layer F.SilkS) (width 0.12))
    (fp_arc (start 0 0) (end -0.684 1.535) (angle -25) (layer F.SilkS) (width 0.12))
    (fp_circle (center 0 0) (end 1.5 0) (layer F.Fab) (width 0.1))
    (fp_circle (center 5.127 0) (end 6.627 0) (layer F.Fab) (width 0.1))
    (fp_circle (center 5.127 0) (end 6.807 0) (layer F.SilkS) (width 0.12))
    (fp_line (start -2.5 -5.2) (end 7.5 -5.2) (layer F.Fab) (width 0.1))
    (fp_line (start 7.5 -5.2) (end 7.5 4.6) (layer F.Fab) (width 0.1))
    (fp_line (start 7.5 4.6) (end -2 4.6) (layer F.Fab) (width 0.1))
    (fp_line (start -2 4.6) (end -2.5 4.1) (layer F.Fab) (width 0.1))
    (fp_line (start -2.5 4.1) (end -2.5 -5.2) (layer F.Fab) (width 0.1))
    (fp_line (start -2.5 4.1) (end 7.5 4.1) (layer F.Fab) (width 0.1))
    (fp_line (start -2.5 2.6) (end 7.5 2.6) (layer F.Fab) (width 0.1))
    (fp_line (start -2.56 2.6) (end -1.143 2.6) (layer F.SilkS) (width 0.12))
    (fp_line (start -2.5 -2.3) (end 7.5 -2.3) (layer F.Fab) (width 0.1))
    (fp_line (start -2.56 -2.301) (end 7.56 -2.301) (layer F.SilkS) (width 0.12))
    (fp_line (start -2.56 -5.261) (end 7.56 -5.261) (layer F.SilkS) (width 0.12))
    (fp_line (start -2.56 4.66) (end 7.56 4.66) (layer F.SilkS) (width 0.12))
    (fp_line (start -2.56 -5.261) (end -2.56 4.66) (layer F.SilkS) (width 0.12))
    (fp_line (start 7.56 -5.261) (end 7.56 4.66) (layer F.SilkS) (width 0.12))
    (fp_line (start 1.138 -0.955) (end -0.955 1.138) (layer F.Fab) (width 0.1))
    (fp_line (start 0.955 -1.138) (end -1.138 0.955) (layer F.Fab) (width 0.1))
    (fp_line (start 6.265 -0.955) (end 4.173 1.138) (layer F.Fab) (width 0.1))
    (fp_line (start 6.082 -1.138) (end 3.99 0.955) (layer F.Fab) (width 0.1))
    (fp_line (start 6.402 -1.069) (end 6.355 -1.023) (layer F.SilkS) (width 0.12))
    (fp_line (start 4.093 1.239) (end 4.058 1.274) (layer F.SilkS) (width 0.12))
    (fp_line (start 6.197 -1.275) (end 6.162 -1.239) (layer F.SilkS) (width 0.12))
    (fp_line (start 3.9 1.023) (end 3.853 1.069) (layer F.SilkS) (width 0.12))
    (fp_line (start -2.8 4.16) (end -2.8 4.9) (layer F.SilkS) (width 0.12))
    (fp_line (start -2.8 4.9) (end -2.3 4.9) (layer F.SilkS) (width 0.12))
    (fp_line (start -3 -5.71) (end -3 5.1) (layer F.CrtYd) (width 0.05))
    (fp_line (start -3 5.1) (end 8 5.1) (layer F.CrtYd) (width 0.05))
    (fp_line (start 8 5.1) (end 8 -5.71) (layer F.CrtYd) (width 0.05))
    (fp_line (start 8 -5.71) (end -3 -5.71) (layer F.CrtYd) (width 0.05))
    (fp_text user %R (at 0 -3.048 90) (layer F.Fab)
      (effects (font (size 1 1) (thickness 0.15)))
    )
    (fp_line (start 1.123 2.6) (end 3.937 2.6) (layer F.SilkS) (width 0.12))
    (fp_line (start 6.223 2.6) (end 7.493 2.6) (layer F.SilkS) (width 0.12))
    (fp_line (start -2.56 4.064) (end -1.143 4.064) (layer F.SilkS) (width 0.12))
    (fp_line (start 1.123 4.064) (end 3.937 4.064) (layer F.SilkS) (width 0.12))
    (fp_line (start 6.223 4.064) (end 7.493 4.064) (layer F.SilkS) (width 0.12))
    (pad 1 thru_hole rect (at 0 0 90) (size 3 3) (drill 1.3) (layers *.Cu *.Mask)
      (net 3 GND))
    (pad 2 thru_hole circle (at 5.127 0 90) (size 3 3) (drill 1.3) (layers *.Cu *.Mask)
      (net 11 "Net-(J2-Pad2)"))
    (pad 1 thru_hole circle (at 0 3.302 90) (size 2.5 2.5) (drill 1.8) (layers *.Cu *.Mask)
      (net 3 GND))
    (pad 2 thru_hole circle (at 5.1308 3.302 90) (size 2.5 2.5) (drill 1.8) (layers *.Cu *.Mask)
      (net 11 "Net-(J2-Pad2)"))
  )

  (module Resistor_SMD:R_1206_3216Metric (layer F.Cu) (tedit 5B301BBD) (tstamp 5F0BEBEE)
    (at 191.262 76.584 90)
    (descr "Resistor SMD 1206 (3216 Metric), square (rectangular) end terminal, IPC_7351 nominal, (Body size source: http://www.tortai-tech.com/upload/download/2011102023233369053.pdf), generated with kicad-footprint-generator")
    (tags resistor)
    (path /5E428E05)
    (attr smd)
    (fp_text reference R16 (at -3.934 0 90) (layer F.SilkS)
      (effects (font (size 1 1) (thickness 0.15)))
    )
    (fp_text value 1K (at 0 1.82 90) (layer F.Fab)
      (effects (font (size 1 1) (thickness 0.15)))
    )
    (fp_line (start -1.6 0.8) (end -1.6 -0.8) (layer F.Fab) (width 0.1))
    (fp_line (start -1.6 -0.8) (end 1.6 -0.8) (layer F.Fab) (width 0.1))
    (fp_line (start 1.6 -0.8) (end 1.6 0.8) (layer F.Fab) (width 0.1))
    (fp_line (start 1.6 0.8) (end -1.6 0.8) (layer F.Fab) (width 0.1))
    (fp_line (start -0.602064 -0.91) (end 0.602064 -0.91) (layer F.SilkS) (width 0.12))
    (fp_line (start -0.602064 0.91) (end 0.602064 0.91) (layer F.SilkS) (width 0.12))
    (fp_line (start -2.28 1.12) (end -2.28 -1.12) (layer F.CrtYd) (width 0.05))
    (fp_line (start -2.28 -1.12) (end 2.28 -1.12) (layer F.CrtYd) (width 0.05))
    (fp_line (start 2.28 -1.12) (end 2.28 1.12) (layer F.CrtYd) (width 0.05))
    (fp_line (start 2.28 1.12) (end -2.28 1.12) (layer F.CrtYd) (width 0.05))
    (fp_text user %R (at 0 0 90) (layer F.Fab)
      (effects (font (size 0.8 0.8) (thickness 0.12)))
    )
    (pad 1 smd roundrect (at -1.4 0 90) (size 1.25 1.75) (layers F.Cu F.Paste F.Mask) (roundrect_rratio 0.2)
      (net 2 +12V))
    (pad 2 smd roundrect (at 1.4 0 90) (size 1.25 1.75) (layers F.Cu F.Paste F.Mask) (roundrect_rratio 0.2)
      (net 45 "Net-(Q9-Pad1)"))
    (model ${KISYS3DMOD}/Resistor_SMD.3dshapes/R_1206_3216Metric.wrl
      (at (xyz 0 0 0))
      (scale (xyz 1 1 1))
      (rotate (xyz 0 0 0))
    )
  )

  (module e-Power:Relay_SPDT_SANYOU_SRD (layer F.Cu) (tedit 5F078170) (tstamp 5F0D2414)
    (at 163.576 96.266)
    (descr "relay Sanyou SRD series Form C http://www.sanyourelay.ca/public/products/pdf/SRD.pdf")
    (tags "relay Sanyu SRD form C")
    (path /5F46E10C)
    (fp_text reference K2 (at 8.1 9.2) (layer F.SilkS)
      (effects (font (size 1 1) (thickness 0.15)))
    )
    (fp_text value RELAY_19.1x15.5mm (at 8 -9.6) (layer F.Fab)
      (effects (font (size 1 1) (thickness 0.15)))
    )
    (fp_line (start 8.05 1.85) (end 4.05 1.85) (layer F.SilkS) (width 0.12))
    (fp_line (start 8.05 -1.75) (end 8.05 1.85) (layer F.SilkS) (width 0.12))
    (fp_line (start 4.05 -1.75) (end 8.05 -1.75) (layer F.SilkS) (width 0.12))
    (fp_line (start 4.05 1.85) (end 4.05 -1.75) (layer F.SilkS) (width 0.12))
    (fp_line (start 8.05 1.85) (end 4.05 -1.75) (layer F.SilkS) (width 0.12))
    (fp_line (start 6.05 1.85) (end 6.05 6.05) (layer F.SilkS) (width 0.12))
    (fp_line (start 6.05 -5.95) (end 6.05 -1.75) (layer F.SilkS) (width 0.12))
    (fp_line (start 2.65 0.05) (end 2.65 3.65) (layer F.SilkS) (width 0.12))
    (fp_line (start 9.45 0.05) (end 9.45 3.65) (layer F.SilkS) (width 0.12))
    (fp_line (start 9.45 3.65) (end 2.65 3.65) (layer F.SilkS) (width 0.12))
    (fp_line (start 15.776 2.5) (end 10.95 0.05) (layer F.SilkS) (width 0.12))
    (fp_line (start 9.45 0.05) (end 10.95 0.05) (layer F.SilkS) (width 0.12))
    (fp_line (start 6.05 -5.95) (end 3.55 -5.95) (layer F.SilkS) (width 0.12))
    (fp_line (start 2.65 0.05) (end 1.85 0.05) (layer F.SilkS) (width 0.12))
    (fp_line (start 3.55 6.05) (end 6.05 6.05) (layer F.SilkS) (width 0.12))
    (fp_line (start 14.15 -4.2) (end 14.15 -1.7) (layer F.SilkS) (width 0.12))
    (fp_line (start 14.15 4.2) (end 14.15 1.75) (layer F.SilkS) (width 0.12))
    (fp_line (start -1.55 7.95) (end 18.55 7.95) (layer F.CrtYd) (width 0.05))
    (fp_line (start 18.55 -7.95) (end 18.55 7.95) (layer F.CrtYd) (width 0.05))
    (fp_line (start -1.55 7.95) (end -1.55 -7.95) (layer F.CrtYd) (width 0.05))
    (fp_line (start 18.55 -7.95) (end -1.55 -7.95) (layer F.CrtYd) (width 0.05))
    (fp_text user %R (at 7.1 0.025) (layer F.Fab)
      (effects (font (size 1 1) (thickness 0.15)))
    )
    (fp_line (start -1.3 7.7) (end -1.3 -7.7) (layer F.Fab) (width 0.12))
    (fp_line (start 18.3 7.7) (end -1.3 7.7) (layer F.Fab) (width 0.12))
    (fp_line (start 18.3 -7.7) (end 18.3 7.7) (layer F.Fab) (width 0.12))
    (fp_line (start -1.3 -7.7) (end 18.3 -7.7) (layer F.Fab) (width 0.12))
    (fp_text user 1 (at 0 -2.3) (layer F.Fab)
      (effects (font (size 1 1) (thickness 0.15)))
    )
    (fp_line (start 18.4 7.8) (end -1.4 7.8) (layer F.SilkS) (width 0.12))
    (fp_line (start 18.4 -7.8) (end 18.4 7.8) (layer F.SilkS) (width 0.12))
    (fp_line (start -1.4 -7.8) (end 18.4 -7.8) (layer F.SilkS) (width 0.12))
    (fp_line (start -1.4 -7.8) (end -1.4 -1.2) (layer F.SilkS) (width 0.12))
    (fp_line (start -1.4 1.2) (end -1.4 7.8) (layer F.SilkS) (width 0.12))
    (pad 1 thru_hole circle (at 0 0 90) (size 3 3) (drill 1.3) (layers *.Cu *.Mask)
      (net 29 "Net-(K2-Pad1)"))
    (pad 5 thru_hole circle (at 1.95 -5.95 90) (size 2.5 2.5) (drill 1) (layers *.Cu *.Mask)
      (net 5 "Net-(D2-Pad2)"))
    (pad 4 thru_hole circle (at 14.2 -6 90) (size 3 3) (drill 1.3) (layers *.Cu *.Mask)
      (net 30 "Net-(K2-Pad4)"))
    (pad 3 thru_hole circle (at 14.15 6.05 90) (size 3 3) (drill 1.3) (layers *.Cu *.Mask)
      (net 31 "Net-(K2-Pad3)"))
    (pad 2 thru_hole circle (at 1.95 6.05 90) (size 2.5 2.5) (drill 1) (layers *.Cu *.Mask)
      (net 2 +12V))
    (model ${KISYS3DMOD}/Relay_THT.3dshapes/Relay_SPDT_SANYOU_SRD_Series_Form_C.wrl
      (at (xyz 0 0 0))
      (scale (xyz 1 1 1))
      (rotate (xyz 0 0 0))
    )
    (model "C:/Program Files/KiCad/share/kicad/modules/e-Power.pretty/3D/Relay_SPDT_SANYOU_SRD_Series_Form_C.wrl"
      (at (xyz 0 0 0))
      (scale (xyz 1 1 1))
      (rotate (xyz 0 0 0))
    )
  )

  (module Package_TO_SOT_SMD:SOT-23 (layer F.Cu) (tedit 5A02FF57) (tstamp 5F0BE9A3)
    (at 186.624 115.046 270)
    (descr "SOT-23, Standard")
    (tags SOT-23)
    (path /5E3B5B81)
    (attr smd)
    (fp_text reference Q3 (at -0.238 2.474 90) (layer F.SilkS)
      (effects (font (size 1 1) (thickness 0.15)))
    )
    (fp_text value BC557 (at -0.492 2.5 90) (layer F.Fab)
      (effects (font (size 1 1) (thickness 0.15)))
    )
    (fp_line (start 0.76 1.58) (end -0.7 1.58) (layer F.SilkS) (width 0.12))
    (fp_line (start 0.76 -1.58) (end -1.4 -1.58) (layer F.SilkS) (width 0.12))
    (fp_line (start -1.7 1.75) (end -1.7 -1.75) (layer F.CrtYd) (width 0.05))
    (fp_line (start 1.7 1.75) (end -1.7 1.75) (layer F.CrtYd) (width 0.05))
    (fp_line (start 1.7 -1.75) (end 1.7 1.75) (layer F.CrtYd) (width 0.05))
    (fp_line (start -1.7 -1.75) (end 1.7 -1.75) (layer F.CrtYd) (width 0.05))
    (fp_line (start 0.76 -1.58) (end 0.76 -0.65) (layer F.SilkS) (width 0.12))
    (fp_line (start 0.76 1.58) (end 0.76 0.65) (layer F.SilkS) (width 0.12))
    (fp_line (start -0.7 1.52) (end 0.7 1.52) (layer F.Fab) (width 0.1))
    (fp_line (start 0.7 -1.52) (end 0.7 1.52) (layer F.Fab) (width 0.1))
    (fp_line (start -0.7 -0.95) (end -0.15 -1.52) (layer F.Fab) (width 0.1))
    (fp_line (start -0.15 -1.52) (end 0.7 -1.52) (layer F.Fab) (width 0.1))
    (fp_line (start -0.7 -0.95) (end -0.7 1.5) (layer F.Fab) (width 0.1))
    (fp_text user %R (at 0 0) (layer F.Fab)
      (effects (font (size 0.5 0.5) (thickness 0.075)))
    )
    (pad 3 smd rect (at 1 0 270) (size 0.9 0.8) (layers F.Cu F.Paste F.Mask)
      (net 2 +12V))
    (pad 2 smd rect (at -1 0.95 270) (size 0.9 0.8) (layers F.Cu F.Paste F.Mask)
      (net 40 "Net-(Q3-Pad2)"))
    (pad 1 smd rect (at -1 -0.95 270) (size 0.9 0.8) (layers F.Cu F.Paste F.Mask)
      (net 32 "Net-(K3-Pad1)"))
    (model ${KISYS3DMOD}/Package_TO_SOT_SMD.3dshapes/SOT-23.wrl
      (at (xyz 0 0 0))
      (scale (xyz 1 1 1))
      (rotate (xyz 0 0 0))
    )
  )

  (module Resistor_SMD:R_1206_3216Metric (layer F.Cu) (tedit 5B301BBD) (tstamp 5F0BEC10)
    (at 191.262 112.398 90)
    (descr "Resistor SMD 1206 (3216 Metric), square (rectangular) end terminal, IPC_7351 nominal, (Body size source: http://www.tortai-tech.com/upload/download/2011102023233369053.pdf), generated with kicad-footprint-generator")
    (tags resistor)
    (path /5E4E022D)
    (attr smd)
    (fp_text reference R18 (at -3.68 0 90) (layer F.SilkS)
      (effects (font (size 1 1) (thickness 0.15)))
    )
    (fp_text value 1K (at 0 1.82 90) (layer F.Fab)
      (effects (font (size 1 1) (thickness 0.15)))
    )
    (fp_text user %R (at 0 0 90) (layer F.Fab)
      (effects (font (size 0.8 0.8) (thickness 0.12)))
    )
    (fp_line (start 2.28 1.12) (end -2.28 1.12) (layer F.CrtYd) (width 0.05))
    (fp_line (start 2.28 -1.12) (end 2.28 1.12) (layer F.CrtYd) (width 0.05))
    (fp_line (start -2.28 -1.12) (end 2.28 -1.12) (layer F.CrtYd) (width 0.05))
    (fp_line (start -2.28 1.12) (end -2.28 -1.12) (layer F.CrtYd) (width 0.05))
    (fp_line (start -0.602064 0.91) (end 0.602064 0.91) (layer F.SilkS) (width 0.12))
    (fp_line (start -0.602064 -0.91) (end 0.602064 -0.91) (layer F.SilkS) (width 0.12))
    (fp_line (start 1.6 0.8) (end -1.6 0.8) (layer F.Fab) (width 0.1))
    (fp_line (start 1.6 -0.8) (end 1.6 0.8) (layer F.Fab) (width 0.1))
    (fp_line (start -1.6 -0.8) (end 1.6 -0.8) (layer F.Fab) (width 0.1))
    (fp_line (start -1.6 0.8) (end -1.6 -0.8) (layer F.Fab) (width 0.1))
    (pad 2 smd roundrect (at 1.4 0 90) (size 1.25 1.75) (layers F.Cu F.Paste F.Mask) (roundrect_rratio 0.2)
      (net 44 "Net-(Q8-Pad1)"))
    (pad 1 smd roundrect (at -1.4 0 90) (size 1.25 1.75) (layers F.Cu F.Paste F.Mask) (roundrect_rratio 0.2)
      (net 2 +12V))
    (model ${KISYS3DMOD}/Resistor_SMD.3dshapes/R_1206_3216Metric.wrl
      (at (xyz 0 0 0))
      (scale (xyz 1 1 1))
      (rotate (xyz 0 0 0))
    )
  )

  (module Capacitor_SMD:CP_Elec_4x5.3 (layer F.Cu) (tedit 5BCA39CF) (tstamp 5F0BE5BB)
    (at 199.2156 151.384 180)
    (descr "SMD capacitor, aluminum electrolytic, Vishay, 4.0x5.3mm")
    (tags "capacitor electrolytic")
    (path /5E48F75A)
    (attr smd)
    (fp_text reference C1 (at 0 -3.2) (layer F.SilkS)
      (effects (font (size 1 1) (thickness 0.15)))
    )
    (fp_text value 10uF (at 0 3.2) (layer F.Fab)
      (effects (font (size 1 1) (thickness 0.15)))
    )
    (fp_text user %R (at 0 0) (layer F.Fab)
      (effects (font (size 0.8 0.8) (thickness 0.12)))
    )
    (fp_line (start -3.35 1.05) (end -2.4 1.05) (layer F.CrtYd) (width 0.05))
    (fp_line (start -3.35 -1.05) (end -3.35 1.05) (layer F.CrtYd) (width 0.05))
    (fp_line (start -2.4 -1.05) (end -3.35 -1.05) (layer F.CrtYd) (width 0.05))
    (fp_line (start -2.4 1.05) (end -2.4 1.25) (layer F.CrtYd) (width 0.05))
    (fp_line (start -2.4 -1.25) (end -2.4 -1.05) (layer F.CrtYd) (width 0.05))
    (fp_line (start -2.4 -1.25) (end -1.25 -2.4) (layer F.CrtYd) (width 0.05))
    (fp_line (start -2.4 1.25) (end -1.25 2.4) (layer F.CrtYd) (width 0.05))
    (fp_line (start -1.25 -2.4) (end 2.4 -2.4) (layer F.CrtYd) (width 0.05))
    (fp_line (start -1.25 2.4) (end 2.4 2.4) (layer F.CrtYd) (width 0.05))
    (fp_line (start 2.4 1.05) (end 2.4 2.4) (layer F.CrtYd) (width 0.05))
    (fp_line (start 3.35 1.05) (end 2.4 1.05) (layer F.CrtYd) (width 0.05))
    (fp_line (start 3.35 -1.05) (end 3.35 1.05) (layer F.CrtYd) (width 0.05))
    (fp_line (start 2.4 -1.05) (end 3.35 -1.05) (layer F.CrtYd) (width 0.05))
    (fp_line (start 2.4 -2.4) (end 2.4 -1.05) (layer F.CrtYd) (width 0.05))
    (fp_line (start -2.75 -1.81) (end -2.75 -1.31) (layer F.SilkS) (width 0.12))
    (fp_line (start -3 -1.56) (end -2.5 -1.56) (layer F.SilkS) (width 0.12))
    (fp_line (start -2.26 1.195563) (end -1.195563 2.26) (layer F.SilkS) (width 0.12))
    (fp_line (start -2.26 -1.195563) (end -1.195563 -2.26) (layer F.SilkS) (width 0.12))
    (fp_line (start -2.26 -1.195563) (end -2.26 -1.06) (layer F.SilkS) (width 0.12))
    (fp_line (start -2.26 1.195563) (end -2.26 1.06) (layer F.SilkS) (width 0.12))
    (fp_line (start -1.195563 2.26) (end 2.26 2.26) (layer F.SilkS) (width 0.12))
    (fp_line (start -1.195563 -2.26) (end 2.26 -2.26) (layer F.SilkS) (width 0.12))
    (fp_line (start 2.26 -2.26) (end 2.26 -1.06) (layer F.SilkS) (width 0.12))
    (fp_line (start 2.26 2.26) (end 2.26 1.06) (layer F.SilkS) (width 0.12))
    (fp_line (start -1.374773 -1.2) (end -1.374773 -0.8) (layer F.Fab) (width 0.1))
    (fp_line (start -1.574773 -1) (end -1.174773 -1) (layer F.Fab) (width 0.1))
    (fp_line (start -2.15 1.15) (end -1.15 2.15) (layer F.Fab) (width 0.1))
    (fp_line (start -2.15 -1.15) (end -1.15 -2.15) (layer F.Fab) (width 0.1))
    (fp_line (start -2.15 -1.15) (end -2.15 1.15) (layer F.Fab) (width 0.1))
    (fp_line (start -1.15 2.15) (end 2.15 2.15) (layer F.Fab) (width 0.1))
    (fp_line (start -1.15 -2.15) (end 2.15 -2.15) (layer F.Fab) (width 0.1))
    (fp_line (start 2.15 -2.15) (end 2.15 2.15) (layer F.Fab) (width 0.1))
    (fp_circle (center 0 0) (end 2 0) (layer F.Fab) (width 0.1))
    (pad 2 smd roundrect (at 1.8 0 180) (size 2.6 1.6) (layers F.Cu F.Paste F.Mask) (roundrect_rratio 0.15625)
      (net 1 "Net-(C1-Pad2)"))
    (pad 1 smd roundrect (at -1.8 0 180) (size 2.6 1.6) (layers F.Cu F.Paste F.Mask) (roundrect_rratio 0.15625)
      (net 2 +12V))
    (model ${KISYS3DMOD}/Capacitor_SMD.3dshapes/CP_Elec_4x5.3.wrl
      (at (xyz 0 0 0))
      (scale (xyz 1 1 1))
      (rotate (xyz 0 0 0))
    )
  )

  (module Capacitor_SMD:C_0603_1608Metric_Pad1.05x0.95mm_HandSolder (layer F.Cu) (tedit 5B301BBE) (tstamp 5F0BE5CC)
    (at 200.1126 145.8468 180)
    (descr "Capacitor SMD 0603 (1608 Metric), square (rectangular) end terminal, IPC_7351 nominal with elongated pad for handsoldering. (Body size source: http://www.tortai-tech.com/upload/download/2011102023233369053.pdf), generated with kicad-footprint-generator")
    (tags "capacitor handsolder")
    (path /5EB2B8F0)
    (attr smd)
    (fp_text reference C2 (at 0 -1.43) (layer F.SilkS)
      (effects (font (size 1 1) (thickness 0.15)))
    )
    (fp_text value 100nF (at 0 1.43) (layer F.Fab)
      (effects (font (size 1 1) (thickness 0.15)))
    )
    (fp_line (start -0.8 0.4) (end -0.8 -0.4) (layer F.Fab) (width 0.1))
    (fp_line (start -0.8 -0.4) (end 0.8 -0.4) (layer F.Fab) (width 0.1))
    (fp_line (start 0.8 -0.4) (end 0.8 0.4) (layer F.Fab) (width 0.1))
    (fp_line (start 0.8 0.4) (end -0.8 0.4) (layer F.Fab) (width 0.1))
    (fp_line (start -0.171267 -0.51) (end 0.171267 -0.51) (layer F.SilkS) (width 0.12))
    (fp_line (start -0.171267 0.51) (end 0.171267 0.51) (layer F.SilkS) (width 0.12))
    (fp_line (start -1.65 0.73) (end -1.65 -0.73) (layer F.CrtYd) (width 0.05))
    (fp_line (start -1.65 -0.73) (end 1.65 -0.73) (layer F.CrtYd) (width 0.05))
    (fp_line (start 1.65 -0.73) (end 1.65 0.73) (layer F.CrtYd) (width 0.05))
    (fp_line (start 1.65 0.73) (end -1.65 0.73) (layer F.CrtYd) (width 0.05))
    (fp_text user %R (at 0 0) (layer F.Fab)
      (effects (font (size 0.4 0.4) (thickness 0.06)))
    )
    (pad 1 smd roundrect (at -0.875 0 180) (size 1.05 0.95) (layers F.Cu F.Paste F.Mask) (roundrect_rratio 0.25)
      (net 2 +12V))
    (pad 2 smd roundrect (at 0.875 0 180) (size 1.05 0.95) (layers F.Cu F.Paste F.Mask) (roundrect_rratio 0.25)
      (net 1 "Net-(C1-Pad2)"))
    (model ${KISYS3DMOD}/Capacitor_SMD.3dshapes/C_0603_1608Metric.wrl
      (at (xyz 0 0 0))
      (scale (xyz 1 1 1))
      (rotate (xyz 0 0 0))
    )
  )

