(kicad_pcb (version 20171130) (host pcbnew "(5.1.10)-1")

  (general
    (thickness 1.6)
    (drawings 8)
    (tracks 1438)
    (zones 0)
    (modules 160)
    (nets 136)
  )

  (page A4)
  (layers
    (0 F.Cu signal)
    (31 B.Cu signal)
    (32 B.Adhes user)
    (33 F.Adhes user)
    (34 B.Paste user)
    (35 F.Paste user)
    (36 B.SilkS user)
    (37 F.SilkS user)
    (38 B.Mask user)
    (39 F.Mask user)
    (40 Dwgs.User user)
    (41 Cmts.User user)
    (42 Eco1.User user)
    (43 Eco2.User user)
    (44 Edge.Cuts user)
    (45 Margin user)
    (46 B.CrtYd user)
    (47 F.CrtYd user hide)
    (48 B.Fab user)
    (49 F.Fab user hide)
  )

  (setup
    (last_trace_width 0.25)
    (trace_clearance 0.2)
    (zone_clearance 0.508)
    (zone_45_only no)
    (trace_min 0.2)
    (via_size 0.8)
    (via_drill 0.4)
    (via_min_size 0.4)
    (via_min_drill 0.3)
    (uvia_size 0.3)
    (uvia_drill 0.1)
    (uvias_allowed no)
    (uvia_min_size 0.2)
    (uvia_min_drill 0.1)
    (edge_width 0.1)
    (segment_width 0.2)
    (pcb_text_width 0.3)
    (pcb_text_size 1.5 1.5)
    (mod_edge_width 0.15)
    (mod_text_size 1 1)
    (mod_text_width 0.15)
    (pad_size 1.025 1.4)
    (pad_drill 0)
    (pad_to_mask_clearance 0)
    (aux_axis_origin 0 0)
    (visible_elements 7FFFFFFF)
    (pcbplotparams
      (layerselection 0x010fc_ffffffff)
      (usegerberextensions false)
      (usegerberattributes true)
      (usegerberadvancedattributes true)
      (creategerberjobfile true)
      (excludeedgelayer true)
      (linewidth 0.100000)
      (plotframeref false)
      (viasonmask false)
      (mode 1)
      (useauxorigin false)
      (hpglpennumber 1)
      (hpglpenspeed 20)
      (hpglpendiameter 15.000000)
      (psnegative false)
      (psa4output false)
      (plotreference true)
      (plotvalue true)
      (plotinvisibletext false)
      (padsonsilk false)
      (subtractmaskfromsilk false)
      (outputformat 1)
      (mirror false)
      (drillshape 1)
      (scaleselection 1)
      (outputdirectory ""))
  )

  (net 0 "")
  (net 1 GND)
  (net 2 +5V)
  (net 3 "Net-(C117-Pad1)")
  (net 4 "Net-(C205-Pad1)")
  (net 5 "Net-(C207-Pad1)")
  (net 6 +12V)
  (net 7 "Net-(D101-Pad2)")
  (net 8 "Net-(D102-Pad2)")
  (net 9 "Net-(D104-Pad2)")
  (net 10 /VCC)
  (net 11 "Net-(D301-Pad1)")
  (net 12 "Net-(D302-Pad2)")
  (net 13 "Net-(F301-Pad1)")
  (net 14 "Net-(H101-Pad1)")
  (net 15 "Net-(H102-Pad1)")
  (net 16 "Net-(H103-Pad1)")
  (net 17 "Net-(H104-Pad1)")
  (net 18 /CAN_L)
  (net 19 /CAN_H)
  (net 20 /~ERROR)
  (net 21 "Net-(Q101-Pad1)")
  (net 22 "Net-(R101-Pad2)")
  (net 23 /ERROR_TRIG)
  (net 24 "Net-(R105-Pad2)")
  (net 25 "Net-(R107-Pad2)")
  (net 26 "Net-(R110-Pad1)")
  (net 27 "Net-(R111-Pad2)")
  (net 28 "Net-(R113-Pad2)")
  (net 29 /TOUT_1P)
  (net 30 /2.2727V)
  (net 31 /TOUT_1)
  (net 32 "Net-(R116-Pad1)")
  (net 33 "Net-(R123-Pad2)")
  (net 34 /TOUT_2P)
  (net 35 /COMM_ERROR)
  (net 36 /T_ERROR)
  (net 37 /TOUT_2)
  (net 38 "Net-(R134-Pad1)")
  (net 39 /TOUT_3P)
  (net 40 "Net-(R141-Pad2)")
  (net 41 "Net-(R144-Pad1)")
  (net 42 /TOUT_3)
  (net 43 "Net-(R201-Pad2)")
  (net 44 "Net-(R301-Pad2)")
  (net 45 "/Temperature Sensors/TS_5")
  (net 46 "/Temperature Sensors/TS_7")
  (net 47 "/Temperature Sensors/TS_6")
  (net 48 "/Temperature Sensors/TS_8")
  (net 49 "/Temperature Sensors/TS_9")
  (net 50 "/Temperature Sensors/TS_11")
  (net 51 "/Temperature Sensors/TS_10")
  (net 52 "/Temperature Sensors/TS_12")
  (net 53 "/Temperature Sensors/TS_1")
  (net 54 "/Temperature Sensors/TS_3")
  (net 55 "/Temperature Sensors/TS_2")
  (net 56 "/Temperature Sensors/TS_4")
  (net 57 "/Temperature Sensors/TS_13")
  (net 58 "/Temperature Sensors/TS_15")
  (net 59 "/Temperature Sensors/TS_14")
  (net 60 "/Temperature Sensors/TS_16")
  (net 61 "/Temperature Sensors/TS_17")
  (net 62 "/Temperature Sensors/TS_19")
  (net 63 "/Temperature Sensors/TS_18")
  (net 64 "/Temperature Sensors/TS_20")
  (net 65 "/Temperature Sensors/TS_21")
  (net 66 "/Temperature Sensors/TS_23")
  (net 67 "/Temperature Sensors/TS_22")
  (net 68 "/Temperature Sensors/TS_24")
  (net 69 /S0)
  (net 70 /S1)
  (net 71 /S2)
  (net 72 /RX)
  (net 73 /TX)
  (net 74 "Net-(U1-Pad1)")
  (net 75 "Net-(U1-Pad3)")
  (net 76 "Net-(U1-Pad6)")
  (net 77 "Net-(U1-Pad14)")
  (net 78 "Net-(U1-Pad18)")
  (net 79 "Net-(U1-Pad20)")
  (net 80 "Net-(U1-Pad4)")
  (net 81 "Net-(U1-Pad15)")
  (net 82 "Net-(U1-Pad16)")
  (net 83 "Net-(U1-Pad19)")
  (net 84 "Net-(U1-Pad8)")
  (net 85 "Net-(U1-Pad17)")
  (net 86 "Net-(U1-Pad39)")
  (net 87 "Net-(U1-Pad38)")
  (net 88 "Net-(U1-Pad35)")
  (net 89 "Net-(U1-Pad30)")
  (net 90 "Net-(U1-Pad23)")
  (net 91 "Net-(U1-Pad37)")
  (net 92 "Net-(U1-Pad36)")
  (net 93 "Net-(U1-Pad26)")
  (net 94 "Net-(U1-Pad25)")
  (net 95 "Net-(U1-Pad34)")
  (net 96 "Net-(U1-Pad22)")
  (net 97 "Net-(U1-Pad33)")
  (net 98 "Net-(U1-Pad24)")
  (net 99 /T21)
  (net 100 /T23)
  (net 101 /T24)
  (net 102 /T22)
  (net 103 /T20)
  (net 104 /T17)
  (net 105 /T18)
  (net 106 /T19)
  (net 107 /T13)
  (net 108 /T15)
  (net 109 /T16)
  (net 110 /T14)
  (net 111 /T12)
  (net 112 /T9)
  (net 113 /T10)
  (net 114 /T11)
  (net 115 /T3)
  (net 116 /T2)
  (net 117 /T1)
  (net 118 /T4)
  (net 119 /T6)
  (net 120 /T8)
  (net 121 /T7)
  (net 122 /T5)
  (net 123 /S)
  (net 124 "Net-(U112-Pad14)")
  (net 125 "Net-(U112-Pad13)")
  (net 126 "Net-(U112-Pad12)")
  (net 127 "Net-(R1-Pad2)")
  (net 128 "Net-(R1-Pad1)")
  (net 129 "Net-(R2-Pad1)")
  (net 130 Output)
  (net 131 "Net-(D1-Pad2)")
  (net 132 "Net-(Q1-Pad3)")
  (net 133 /TMED_OUT_FT)
  (net 134 "Net-(Q1-Pad1)")
  (net 135 /BMS_ERROR)

  (net_class Default "Esta é a classe de rede padrão."
    (clearance 0.2)
    (trace_width 0.25)
    (via_dia 0.8)
    (via_drill 0.4)
    (uvia_dia 0.3)
    (uvia_drill 0.1)
    (add_net +12V)
    (add_net +5V)
    (add_net /2.2727V)
    (add_net /BMS_ERROR)
    (add_net /CAN_H)
    (add_net /CAN_L)
    (add_net /COMM_ERROR)
    (add_net /ERROR_TRIG)
    (add_net /RX)
    (add_net /S)
    (add_net /S0)
    (add_net /S1)
    (add_net /S2)
    (add_net /T1)
    (add_net /T10)
    (add_net /T11)
    (add_net /T12)
    (add_net /T13)
    (add_net /T14)
    (add_net /T15)
    (add_net /T16)
    (add_net /T17)
    (add_net /T18)
    (add_net /T19)
    (add_net /T2)
    (add_net /T20)
    (add_net /T21)
    (add_net /T22)
    (add_net /T23)
    (add_net /T24)
    (add_net /T3)
    (add_net /T4)
    (add_net /T5)
    (add_net /T6)
    (add_net /T7)
    (add_net /T8)
    (add_net /T9)
    (add_net /TMED_OUT_FT)
    (add_net /TOUT_1)
    (add_net /TOUT_1P)
    (add_net /TOUT_2)
    (add_net /TOUT_2P)
    (add_net /TOUT_3)
    (add_net /TOUT_3P)
    (add_net /TX)
    (add_net /T_ERROR)
    (add_net "/Temperature Sensors/TS_1")
    (add_net "/Temperature Sensors/TS_10")
    (add_net "/Temperature Sensors/TS_11")
    (add_net "/Temperature Sensors/TS_12")
    (add_net "/Temperature Sensors/TS_13")
    (add_net "/Temperature Sensors/TS_14")
    (add_net "/Temperature Sensors/TS_15")
    (add_net "/Temperature Sensors/TS_16")
    (add_net "/Temperature Sensors/TS_17")
    (add_net "/Temperature Sensors/TS_18")
    (add_net "/Temperature Sensors/TS_19")
    (add_net "/Temperature Sensors/TS_2")
    (add_net "/Temperature Sensors/TS_20")
    (add_net "/Temperature Sensors/TS_21")
    (add_net "/Temperature Sensors/TS_22")
    (add_net "/Temperature Sensors/TS_23")
    (add_net "/Temperature Sensors/TS_24")
    (add_net "/Temperature Sensors/TS_3")
    (add_net "/Temperature Sensors/TS_4")
    (add_net "/Temperature Sensors/TS_5")
    (add_net "/Temperature Sensors/TS_6")
    (add_net "/Temperature Sensors/TS_7")
    (add_net "/Temperature Sensors/TS_8")
    (add_net "/Temperature Sensors/TS_9")
    (add_net /VCC)
    (add_net /~ERROR)
    (add_net GND)
    (add_net "Net-(C117-Pad1)")
    (add_net "Net-(C205-Pad1)")
    (add_net "Net-(C207-Pad1)")
    (add_net "Net-(D1-Pad2)")
    (add_net "Net-(D101-Pad2)")
    (add_net "Net-(D102-Pad2)")
    (add_net "Net-(D104-Pad2)")
    (add_net "Net-(D301-Pad1)")
    (add_net "Net-(D302-Pad2)")
    (add_net "Net-(F301-Pad1)")
    (add_net "Net-(H101-Pad1)")
    (add_net "Net-(H102-Pad1)")
    (add_net "Net-(H103-Pad1)")
    (add_net "Net-(H104-Pad1)")
    (add_net "Net-(Q1-Pad1)")
    (add_net "Net-(Q1-Pad3)")
    (add_net "Net-(Q101-Pad1)")
    (add_net "Net-(R1-Pad1)")
    (add_net "Net-(R1-Pad2)")
    (add_net "Net-(R101-Pad2)")
    (add_net "Net-(R105-Pad2)")
    (add_net "Net-(R107-Pad2)")
    (add_net "Net-(R110-Pad1)")
    (add_net "Net-(R111-Pad2)")
    (add_net "Net-(R113-Pad2)")
    (add_net "Net-(R116-Pad1)")
    (add_net "Net-(R123-Pad2)")
    (add_net "Net-(R134-Pad1)")
    (add_net "Net-(R141-Pad2)")
    (add_net "Net-(R144-Pad1)")
    (add_net "Net-(R2-Pad1)")
    (add_net "Net-(R201-Pad2)")
    (add_net "Net-(R301-Pad2)")
    (add_net "Net-(U1-Pad1)")
    (add_net "Net-(U1-Pad14)")
    (add_net "Net-(U1-Pad15)")
    (add_net "Net-(U1-Pad16)")
    (add_net "Net-(U1-Pad17)")
    (add_net "Net-(U1-Pad18)")
    (add_net "Net-(U1-Pad19)")
    (add_net "Net-(U1-Pad20)")
    (add_net "Net-(U1-Pad22)")
    (add_net "Net-(U1-Pad23)")
    (add_net "Net-(U1-Pad24)")
    (add_net "Net-(U1-Pad25)")
    (add_net "Net-(U1-Pad26)")
    (add_net "Net-(U1-Pad3)")
    (add_net "Net-(U1-Pad30)")
    (add_net "Net-(U1-Pad33)")
    (add_net "Net-(U1-Pad34)")
    (add_net "Net-(U1-Pad35)")
    (add_net "Net-(U1-Pad36)")
    (add_net "Net-(U1-Pad37)")
    (add_net "Net-(U1-Pad38)")
    (add_net "Net-(U1-Pad39)")
    (add_net "Net-(U1-Pad4)")
    (add_net "Net-(U1-Pad6)")
    (add_net "Net-(U1-Pad8)")
    (add_net "Net-(U112-Pad12)")
    (add_net "Net-(U112-Pad13)")
    (add_net "Net-(U112-Pad14)")
    (add_net Output)
  )

  (module e-Power:MountingHole_3.2mm_M3_Pad_Via (layer F.Cu) (tedit 5F1787FB) (tstamp 605953E0)
    (at 66.682626 188.41466)
    (descr "Mounting Hole 3.2mm, M3, added vias")
    (tags "mounting hole 3.2mm m3")
    (path /5F1B9C0D)
    (attr virtual)
    (fp_text reference H104 (at 0 -4.2) (layer F.SilkS)
      (effects (font (size 1 1) (thickness 0.15)))
    )
    (fp_text value GND (at 0 4.2) (layer F.Fab)
      (effects (font (size 1 1) (thickness 0.15)))
    )
    (fp_circle (center 0 0) (end 3.45 0) (layer F.CrtYd) (width 0.05))
    (fp_text user %R (at 0.3 0) (layer F.Fab)
      (effects (font (size 1 1) (thickness 0.15)))
    )
    (pad 1 thru_hole circle (at 1.697056 -1.697056) (size 0.8 0.8) (drill 0.5) (layers *.Cu *.Mask)
      (net 17 "Net-(H104-Pad1)"))
    (pad 1 thru_hole circle (at 0 -2.4) (size 0.8 0.8) (drill 0.5) (layers *.Cu *.Mask)
      (net 17 "Net-(H104-Pad1)"))
    (pad 1 thru_hole circle (at -1.697056 -1.697056) (size 0.8 0.8) (drill 0.5) (layers *.Cu *.Mask)
      (net 17 "Net-(H104-Pad1)"))
    (pad 1 thru_hole circle (at -2.4 0) (size 0.8 0.8) (drill 0.5) (layers *.Cu *.Mask)
      (net 17 "Net-(H104-Pad1)"))
    (pad 1 thru_hole circle (at -1.697056 1.697056) (size 0.8 0.8) (drill 0.5) (layers *.Cu *.Mask)
      (net 17 "Net-(H104-Pad1)"))
    (pad 1 thru_hole circle (at 0 2.4) (size 0.8 0.8) (drill 0.5) (layers *.Cu *.Mask)
      (net 17 "Net-(H104-Pad1)"))
    (pad 1 thru_hole circle (at 1.697056 1.697056) (size 0.8 0.8) (drill 0.5) (layers *.Cu *.Mask)
      (net 17 "Net-(H104-Pad1)"))
    (pad 1 thru_hole circle (at 2.4 0) (size 0.8 0.8) (drill 0.5) (layers *.Cu *.Mask)
      (net 17 "Net-(H104-Pad1)"))
    (pad 1 thru_hole circle (at 0 0) (size 6.4 6.4) (drill 3.2) (layers *.Cu *.Mask)
      (net 17 "Net-(H104-Pad1)"))
  )

  (module e-Power:MountingHole_3.2mm_M3_Pad_Via (layer F.Cu) (tedit 5F1787FB) (tstamp 6059540A)
    (at 156.59862 188.40196)
    (descr "Mounting Hole 3.2mm, M3, added vias")
    (tags "mounting hole 3.2mm m3")
    (path /5F1B998C)
    (attr virtual)
    (fp_text reference H103 (at 0 -4.2) (layer F.SilkS)
      (effects (font (size 1 1) (thickness 0.15)))
    )
    (fp_text value GND (at 0 4.2) (layer F.Fab)
      (effects (font (size 1 1) (thickness 0.15)))
    )
    (fp_circle (center 0 0) (end 3.45 0) (layer F.CrtYd) (width 0.05))
    (fp_text user %R (at 0.3 0) (layer F.Fab)
      (effects (font (size 1 1) (thickness 0.15)))
    )
    (pad 1 thru_hole circle (at 1.697056 -1.697056) (size 0.8 0.8) (drill 0.5) (layers *.Cu *.Mask)
      (net 16 "Net-(H103-Pad1)"))
    (pad 1 thru_hole circle (at 0 -2.4) (size 0.8 0.8) (drill 0.5) (layers *.Cu *.Mask)
      (net 16 "Net-(H103-Pad1)"))
    (pad 1 thru_hole circle (at -1.697056 -1.697056) (size 0.8 0.8) (drill 0.5) (layers *.Cu *.Mask)
      (net 16 "Net-(H103-Pad1)"))
    (pad 1 thru_hole circle (at -2.4 0) (size 0.8 0.8) (drill 0.5) (layers *.Cu *.Mask)
      (net 16 "Net-(H103-Pad1)"))
    (pad 1 thru_hole circle (at -1.697056 1.697056) (size 0.8 0.8) (drill 0.5) (layers *.Cu *.Mask)
      (net 16 "Net-(H103-Pad1)"))
    (pad 1 thru_hole circle (at 0 2.4) (size 0.8 0.8) (drill 0.5) (layers *.Cu *.Mask)
      (net 16 "Net-(H103-Pad1)"))
    (pad 1 thru_hole circle (at 1.697056 1.697056) (size 0.8 0.8) (drill 0.5) (layers *.Cu *.Mask)
      (net 16 "Net-(H103-Pad1)"))
    (pad 1 thru_hole circle (at 2.4 0) (size 0.8 0.8) (drill 0.5) (layers *.Cu *.Mask)
      (net 16 "Net-(H103-Pad1)"))
    (pad 1 thru_hole circle (at 0 0) (size 6.4 6.4) (drill 3.2) (layers *.Cu *.Mask)
      (net 16 "Net-(H103-Pad1)"))
  )

  (module Package_SO:SOIC-14_3.9x8.7mm_P1.27mm (layer F.Cu) (tedit 5D9F72B1) (tstamp 60590C6D)
    (at 139.75588 171.93514)
    (descr "SOIC, 14 Pin (JEDEC MS-012AB, https://www.analog.com/media/en/package-pcb-resources/package/pkg_pdf/soic_narrow-r/r_14.pdf), generated with kicad-footprint-generator ipc_gullwing_generator.py")
    (tags "SOIC SO")
    (path /5EC1D7DE/5EAE9BFA)
    (attr smd)
    (fp_text reference U201 (at 0 5.334) (layer F.SilkS)
      (effects (font (size 1 1) (thickness 0.15)))
    )
    (fp_text value LM324 (at 0 5.28) (layer F.Fab)
      (effects (font (size 1 1) (thickness 0.15)))
    )
    (fp_line (start 3.7 -4.58) (end -3.7 -4.58) (layer F.CrtYd) (width 0.05))
    (fp_line (start 3.7 4.58) (end 3.7 -4.58) (layer F.CrtYd) (width 0.05))
    (fp_line (start -3.7 4.58) (end 3.7 4.58) (layer F.CrtYd) (width 0.05))
    (fp_line (start -3.7 -4.58) (end -3.7 4.58) (layer F.CrtYd) (width 0.05))
    (fp_line (start -1.95 -3.35) (end -0.975 -4.325) (layer F.Fab) (width 0.1))
    (fp_line (start -1.95 4.325) (end -1.95 -3.35) (layer F.Fab) (width 0.1))
    (fp_line (start 1.95 4.325) (end -1.95 4.325) (layer F.Fab) (width 0.1))
    (fp_line (start 1.95 -4.325) (end 1.95 4.325) (layer F.Fab) (width 0.1))
    (fp_line (start -0.975 -4.325) (end 1.95 -4.325) (layer F.Fab) (width 0.1))
    (fp_line (start 0 -4.435) (end -3.45 -4.435) (layer F.SilkS) (width 0.12))
    (fp_line (start 0 -4.435) (end 1.95 -4.435) (layer F.SilkS) (width 0.12))
    (fp_line (start 0 4.435) (end -1.95 4.435) (layer F.SilkS) (width 0.12))
    (fp_line (start 0 4.435) (end 1.95 4.435) (layer F.SilkS) (width 0.12))
    (fp_text user %R (at 0 0) (layer F.Fab)
      (effects (font (size 0.98 0.98) (thickness 0.15)))
    )
    (pad 14 smd roundrect (at 2.475 -3.81) (size 1.95 0.6) (layers F.Cu F.Paste F.Mask) (roundrect_rratio 0.25))
    (pad 13 smd roundrect (at 2.475 -2.54) (size 1.95 0.6) (layers F.Cu F.Paste F.Mask) (roundrect_rratio 0.25))
    (pad 12 smd roundrect (at 2.475 -1.27) (size 1.95 0.6) (layers F.Cu F.Paste F.Mask) (roundrect_rratio 0.25))
    (pad 11 smd roundrect (at 2.475 0) (size 1.95 0.6) (layers F.Cu F.Paste F.Mask) (roundrect_rratio 0.25)
      (net 1 GND))
    (pad 10 smd roundrect (at 2.475 1.27) (size 1.95 0.6) (layers F.Cu F.Paste F.Mask) (roundrect_rratio 0.25))
    (pad 9 smd roundrect (at 2.475 2.54) (size 1.95 0.6) (layers F.Cu F.Paste F.Mask) (roundrect_rratio 0.25))
    (pad 8 smd roundrect (at 2.475 3.81) (size 1.95 0.6) (layers F.Cu F.Paste F.Mask) (roundrect_rratio 0.25))
    (pad 7 smd roundrect (at -2.475 3.81) (size 1.95 0.6) (layers F.Cu F.Paste F.Mask) (roundrect_rratio 0.25))
    (pad 6 smd roundrect (at -2.475 2.54) (size 1.95 0.6) (layers F.Cu F.Paste F.Mask) (roundrect_rratio 0.25))
    (pad 5 smd roundrect (at -2.475 1.27) (size 1.95 0.6) (layers F.Cu F.Paste F.Mask) (roundrect_rratio 0.25))
    (pad 4 smd roundrect (at -2.475 0) (size 1.95 0.6) (layers F.Cu F.Paste F.Mask) (roundrect_rratio 0.25)
      (net 6 +12V))
    (pad 3 smd roundrect (at -2.475 -1.27) (size 1.95 0.6) (layers F.Cu F.Paste F.Mask) (roundrect_rratio 0.25)
      (net 5 "Net-(C207-Pad1)"))
    (pad 2 smd roundrect (at -2.475 -2.54) (size 1.95 0.6) (layers F.Cu F.Paste F.Mask) (roundrect_rratio 0.25)
      (net 30 /2.2727V))
    (pad 1 smd roundrect (at -2.475 -3.81) (size 1.95 0.6) (layers F.Cu F.Paste F.Mask) (roundrect_rratio 0.25)
      (net 30 /2.2727V))
    (model ${KISYS3DMOD}/Package_SO.3dshapes/SOIC-14_3.9x8.7mm_P1.27mm.wrl
      (at (xyz 0 0 0))
      (scale (xyz 1 1 1))
      (rotate (xyz 0 0 0))
    )
  )

  (module Package_SO:SOP-16_4.4x10.4mm_P1.27mm (layer F.Cu) (tedit 5A02F25C) (tstamp 6058E1FF)
    (at 117.47246 159.01162)
    (descr "16-Lead Plastic Small Outline http://www.vishay.com/docs/49633/sg2098.pdf")
    (tags "SOP 1.27")
    (path /5EE58D81)
    (attr smd)
    (fp_text reference U105 (at -2.29616 6.21538) (layer F.SilkS)
      (effects (font (size 1 1) (thickness 0.15)))
    )
    (fp_text value 74HC4051 (at 0 6.1) (layer F.Fab)
      (effects (font (size 1 1) (thickness 0.15)))
    )
    (fp_line (start 4.05 5.45) (end -4.05 5.45) (layer F.CrtYd) (width 0.05))
    (fp_line (start 4.05 5.45) (end 4.05 -5.45) (layer F.CrtYd) (width 0.05))
    (fp_line (start -4.05 -5.45) (end -4.05 5.45) (layer F.CrtYd) (width 0.05))
    (fp_line (start -4.05 -5.45) (end 4.05 -5.45) (layer F.CrtYd) (width 0.05))
    (fp_line (start -2.4 5.4) (end 2.4 5.4) (layer F.SilkS) (width 0.12))
    (fp_line (start -2.4 -5.4) (end 2.4 -5.4) (layer F.SilkS) (width 0.12))
    (fp_line (start -2.2 5.2) (end -2.2 -4.6) (layer F.Fab) (width 0.1))
    (fp_line (start 2.2 5.2) (end -2.2 5.2) (layer F.Fab) (width 0.1))
    (fp_line (start 2.2 -5.2) (end 2.2 5.2) (layer F.Fab) (width 0.1))
    (fp_line (start -1.6 -5.2) (end 2.2 -5.2) (layer F.Fab) (width 0.1))
    (fp_line (start -2.4 -5) (end -3.8 -5) (layer F.SilkS) (width 0.12))
    (fp_line (start -2.4 -5.4) (end -2.4 -5) (layer F.SilkS) (width 0.12))
    (fp_line (start -2.2 -4.6) (end -1.6 -5.2) (layer F.Fab) (width 0.1))
    (fp_text user %R (at 0 0) (layer F.Fab)
      (effects (font (size 0.8 0.8) (thickness 0.15)))
    )
    (pad 16 smd rect (at 3.15 -4.45) (size 1.3 0.8) (layers F.Cu F.Paste F.Mask)
      (net 2 +5V))
    (pad 15 smd rect (at 3.15 -3.17) (size 1.3 0.8) (layers F.Cu F.Paste F.Mask)
      (net 115 /T3))
    (pad 14 smd rect (at 3.15 -1.91) (size 1.3 0.8) (layers F.Cu F.Paste F.Mask)
      (net 116 /T2))
    (pad 13 smd rect (at 3.15 -0.64) (size 1.3 0.8) (layers F.Cu F.Paste F.Mask)
      (net 117 /T1))
    (pad 12 smd rect (at 3.15 0.64) (size 1.3 0.8) (layers F.Cu F.Paste F.Mask)
      (net 118 /T4))
    (pad 11 smd rect (at 3.15 1.91) (size 1.3 0.8) (layers F.Cu F.Paste F.Mask)
      (net 69 /S0))
    (pad 10 smd rect (at 3.15 3.17) (size 1.3 0.8) (layers F.Cu F.Paste F.Mask)
      (net 70 /S1))
    (pad 9 smd rect (at 3.15 4.45) (size 1.3 0.8) (layers F.Cu F.Paste F.Mask)
      (net 71 /S2))
    (pad 8 smd rect (at -3.15 4.45) (size 1.3 0.8) (layers F.Cu F.Paste F.Mask)
      (net 1 GND))
    (pad 7 smd rect (at -3.15 3.17) (size 1.3 0.8) (layers F.Cu F.Paste F.Mask)
      (net 1 GND))
    (pad 6 smd rect (at -3.15 1.91) (size 1.3 0.8) (layers F.Cu F.Paste F.Mask)
      (net 25 "Net-(R107-Pad2)"))
    (pad 5 smd rect (at -3.15 0.64) (size 1.3 0.8) (layers F.Cu F.Paste F.Mask)
      (net 119 /T6))
    (pad 4 smd rect (at -3.15 -0.64) (size 1.3 0.8) (layers F.Cu F.Paste F.Mask)
      (net 120 /T8))
    (pad 3 smd rect (at -3.15 -1.91) (size 1.3 0.8) (layers F.Cu F.Paste F.Mask)
      (net 31 /TOUT_1))
    (pad 2 smd rect (at -3.15 -3.17) (size 1.3 0.8) (layers F.Cu F.Paste F.Mask)
      (net 121 /T7))
    (pad 1 smd rect (at -3.15 -4.45) (size 1.3 0.8) (layers F.Cu F.Paste F.Mask)
      (net 122 /T5))
    (model ${KISYS3DMOD}/Package_SO.3dshapes/SOP-16_4.4x10.4mm_P1.27mm.wrl
      (at (xyz 0 0 0))
      (scale (xyz 1 1 1))
      (rotate (xyz 0 0 0))
    )
  )

  (module e-Power:TestPoint_Pad_D1.0mm (layer F.Cu) (tedit 5F2B729E) (tstamp 604AE081)
    (at 87.1474 99.1235)
    (descr "SMD pad as test Point, diameter 1.0mm")
    (tags "test point SMD pad")
    (path /61837FB5)
    (attr virtual)
    (fp_text reference TP19 (at 0 1.524) (layer F.Fab)
      (effects (font (size 1 1) (thickness 0.15)))
    )
    (fp_text value CAN_H (at 3.3782 0.127) (layer F.SilkS)
      (effects (font (size 1 1) (thickness 0.15)))
    )
    (fp_circle (center 0 0) (end 0 0.7) (layer F.SilkS) (width 0.12))
    (fp_circle (center 0 0) (end 1 0) (layer F.CrtYd) (width 0.05))
    (fp_text user %R (at 0 -1.397) (layer F.Fab)
      (effects (font (size 1 1) (thickness 0.15)))
    )
    (pad 1 smd circle (at 0 0) (size 1 1) (layers F.Cu F.Mask)
      (net 19 /CAN_H))
  )

  (module e-Power:TestPoint_Pad_D1.0mm (layer F.Cu) (tedit 5F2B729E) (tstamp 60505C28)
    (at 157.0101 100.3808)
    (descr "SMD pad as test Point, diameter 1.0mm")
    (tags "test point SMD pad")
    (path /61837FA9)
    (attr virtual)
    (fp_text reference TP17 (at 0 1.524) (layer F.Fab)
      (effects (font (size 1 1) (thickness 0.15)))
    )
    (fp_text value GND (at 2.6924 -0.0508) (layer F.SilkS)
      (effects (font (size 1 1) (thickness 0.15)))
    )
    (fp_circle (center 0 0) (end 0 0.7) (layer F.SilkS) (width 0.12))
    (fp_circle (center 0 0) (end 1 0) (layer F.CrtYd) (width 0.05))
    (fp_text user %R (at 0 -1.397) (layer F.Fab)
      (effects (font (size 1 1) (thickness 0.15)))
    )
    (pad 1 smd circle (at 0 0) (size 1 1) (layers F.Cu F.Mask)
      (net 1 GND))
  )

  (module Resistor_SMD:R_0805_2012Metric (layer F.Cu) (tedit 5F68FEEE) (tstamp 60464447)
    (at 118.43448 105.0036 180)
    (descr "Resistor SMD 0805 (2012 Metric), square (rectangular) end terminal, IPC_7351 nominal, (Body size source: IPC-SM-782 page 72, https://www.pcb-3d.com/wordpress/wp-content/uploads/ipc-sm-782a_amendment_1_and_2.pdf), generated with kicad-footprint-generator")
    (tags resistor)
    (path /5ED9340F/5FAF1358)
    (attr smd)
    (fp_text reference R301 (at 3.6811 0.0254) (layer F.SilkS)
      (effects (font (size 1 1) (thickness 0.15)))
    )
    (fp_text value 1K (at 0 1.65) (layer F.Fab)
      (effects (font (size 1 1) (thickness 0.15)))
    )
    (fp_line (start 1.68 0.95) (end -1.68 0.95) (layer F.CrtYd) (width 0.05))
    (fp_line (start 1.68 -0.95) (end 1.68 0.95) (layer F.CrtYd) (width 0.05))
    (fp_line (start -1.68 -0.95) (end 1.68 -0.95) (layer F.CrtYd) (width 0.05))
    (fp_line (start -1.68 0.95) (end -1.68 -0.95) (layer F.CrtYd) (width 0.05))
    (fp_line (start -0.227064 0.735) (end 0.227064 0.735) (layer F.SilkS) (width 0.12))
    (fp_line (start -0.227064 -0.735) (end 0.227064 -0.735) (layer F.SilkS) (width 0.12))
    (fp_line (start 1 0.625) (end -1 0.625) (layer F.Fab) (width 0.1))
    (fp_line (start 1 -0.625) (end 1 0.625) (layer F.Fab) (width 0.1))
    (fp_line (start -1 -0.625) (end 1 -0.625) (layer F.Fab) (width 0.1))
    (fp_line (start -1 0.625) (end -1 -0.625) (layer F.Fab) (width 0.1))
    (fp_text user %R (at 0 0) (layer F.Fab)
      (effects (font (size 0.5 0.5) (thickness 0.08)))
    )
    (pad 2 smd roundrect (at 0.9125 0 180) (size 1.025 1.4) (layers F.Cu F.Paste F.Mask) (roundrect_rratio 0.243902)
      (net 44 "Net-(R301-Pad2)"))
    (pad 1 smd roundrect (at -0.9125 0 180) (size 1.025 1.4) (layers F.Cu F.Paste F.Mask) (roundrect_rratio 0.243902)
      (net 2 +5V))
    (model ${KISYS3DMOD}/Resistor_SMD.3dshapes/R_0805_2012Metric.wrl
      (at (xyz 0 0 0))
      (scale (xyz 1 1 1))
      (rotate (xyz 0 0 0))
    )
  )

  (module Capacitor_SMD:C_0805_2012Metric (layer F.Cu) (tedit 5F68FEEE) (tstamp 6058E42B)
    (at 119.7127 165.6207)
    (descr "Capacitor SMD 0805 (2012 Metric), square (rectangular) end terminal, IPC_7351 nominal, (Body size source: IPC-SM-782 page 76, https://www.pcb-3d.com/wordpress/wp-content/uploads/ipc-sm-782a_amendment_1_and_2.pdf, https://docs.google.com/spreadsheets/d/1BsfQQcO9C6DZCsRaXUlFlo91Tg2WpOkGARC1WS5S8t0/edit?usp=sharing), generated with kicad-footprint-generator")
    (tags capacitor)
    (path /5EFF9FE1)
    (attr smd)
    (fp_text reference C101 (at 3.6932 -0.0254) (layer F.SilkS)
      (effects (font (size 1 1) (thickness 0.15)))
    )
    (fp_text value 100nF (at 0 1.68) (layer F.Fab)
      (effects (font (size 1 1) (thickness 0.15)))
    )
    (fp_line (start -1 0.625) (end -1 -0.625) (layer F.Fab) (width 0.1))
    (fp_line (start -1 -0.625) (end 1 -0.625) (layer F.Fab) (width 0.1))
    (fp_line (start 1 -0.625) (end 1 0.625) (layer F.Fab) (width 0.1))
    (fp_line (start 1 0.625) (end -1 0.625) (layer F.Fab) (width 0.1))
    (fp_line (start -0.261252 -0.735) (end 0.261252 -0.735) (layer F.SilkS) (width 0.12))
    (fp_line (start -0.261252 0.735) (end 0.261252 0.735) (layer F.SilkS) (width 0.12))
    (fp_line (start -1.7 0.98) (end -1.7 -0.98) (layer F.CrtYd) (width 0.05))
    (fp_line (start -1.7 -0.98) (end 1.7 -0.98) (layer F.CrtYd) (width 0.05))
    (fp_line (start 1.7 -0.98) (end 1.7 0.98) (layer F.CrtYd) (width 0.05))
    (fp_line (start 1.7 0.98) (end -1.7 0.98) (layer F.CrtYd) (width 0.05))
    (fp_text user %R (at 0 0) (layer F.Fab)
      (effects (font (size 0.5 0.5) (thickness 0.08)))
    )
    (pad 1 smd roundrect (at -0.95 0) (size 1 1.45) (layers F.Cu F.Paste F.Mask) (roundrect_rratio 0.25)
      (net 1 GND))
    (pad 2 smd roundrect (at 0.95 0) (size 1 1.45) (layers F.Cu F.Paste F.Mask) (roundrect_rratio 0.25)
      (net 2 +5V))
    (model ${KISYS3DMOD}/Capacitor_SMD.3dshapes/C_0805_2012Metric.wrl
      (at (xyz 0 0 0))
      (scale (xyz 1 1 1))
      (rotate (xyz 0 0 0))
    )
  )

  (module Capacitor_SMD:C_0805_2012Metric (layer F.Cu) (tedit 5F68FEEE) (tstamp 6058E3FB)
    (at 119.5857 138.9253)
    (descr "Capacitor SMD 0805 (2012 Metric), square (rectangular) end terminal, IPC_7351 nominal, (Body size source: IPC-SM-782 page 76, https://www.pcb-3d.com/wordpress/wp-content/uploads/ipc-sm-782a_amendment_1_and_2.pdf, https://docs.google.com/spreadsheets/d/1BsfQQcO9C6DZCsRaXUlFlo91Tg2WpOkGARC1WS5S8t0/edit?usp=sharing), generated with kicad-footprint-generator")
    (tags capacitor)
    (path /5EFA5AD2)
    (attr smd)
    (fp_text reference C103 (at -3.9903 -0.0381) (layer F.SilkS)
      (effects (font (size 1 1) (thickness 0.15)))
    )
    (fp_text value 100nF (at 0 1.68) (layer F.Fab)
      (effects (font (size 1 1) (thickness 0.15)))
    )
    (fp_line (start 1.7 0.98) (end -1.7 0.98) (layer F.CrtYd) (width 0.05))
    (fp_line (start 1.7 -0.98) (end 1.7 0.98) (layer F.CrtYd) (width 0.05))
    (fp_line (start -1.7 -0.98) (end 1.7 -0.98) (layer F.CrtYd) (width 0.05))
    (fp_line (start -1.7 0.98) (end -1.7 -0.98) (layer F.CrtYd) (width 0.05))
    (fp_line (start -0.261252 0.735) (end 0.261252 0.735) (layer F.SilkS) (width 0.12))
    (fp_line (start -0.261252 -0.735) (end 0.261252 -0.735) (layer F.SilkS) (width 0.12))
    (fp_line (start 1 0.625) (end -1 0.625) (layer F.Fab) (width 0.1))
    (fp_line (start 1 -0.625) (end 1 0.625) (layer F.Fab) (width 0.1))
    (fp_line (start -1 -0.625) (end 1 -0.625) (layer F.Fab) (width 0.1))
    (fp_line (start -1 0.625) (end -1 -0.625) (layer F.Fab) (width 0.1))
    (fp_text user %R (at 0 0) (layer F.Fab)
      (effects (font (size 0.5 0.5) (thickness 0.08)))
    )
    (pad 2 smd roundrect (at 0.95 0) (size 1 1.45) (layers F.Cu F.Paste F.Mask) (roundrect_rratio 0.25)
      (net 2 +5V))
    (pad 1 smd roundrect (at -0.95 0) (size 1 1.45) (layers F.Cu F.Paste F.Mask) (roundrect_rratio 0.25)
      (net 1 GND))
    (model ${KISYS3DMOD}/Capacitor_SMD.3dshapes/C_0805_2012Metric.wrl
      (at (xyz 0 0 0))
      (scale (xyz 1 1 1))
      (rotate (xyz 0 0 0))
    )
  )

  (module Capacitor_SMD:C_0805_2012Metric (layer F.Cu) (tedit 5F68FEEE) (tstamp 6058E3CB)
    (at 119.6721 152.3873)
    (descr "Capacitor SMD 0805 (2012 Metric), square (rectangular) end terminal, IPC_7351 nominal, (Body size source: IPC-SM-782 page 76, https://www.pcb-3d.com/wordpress/wp-content/uploads/ipc-sm-782a_amendment_1_and_2.pdf, https://docs.google.com/spreadsheets/d/1BsfQQcO9C6DZCsRaXUlFlo91Tg2WpOkGARC1WS5S8t0/edit?usp=sharing), generated with kicad-footprint-generator")
    (tags capacitor)
    (path /5EF8B884)
    (attr smd)
    (fp_text reference C106 (at 3.6068 0.0254) (layer F.SilkS)
      (effects (font (size 1 1) (thickness 0.15)))
    )
    (fp_text value 100nF (at 0 1.68) (layer F.Fab)
      (effects (font (size 1 1) (thickness 0.15)))
    )
    (fp_line (start 1.7 0.98) (end -1.7 0.98) (layer F.CrtYd) (width 0.05))
    (fp_line (start 1.7 -0.98) (end 1.7 0.98) (layer F.CrtYd) (width 0.05))
    (fp_line (start -1.7 -0.98) (end 1.7 -0.98) (layer F.CrtYd) (width 0.05))
    (fp_line (start -1.7 0.98) (end -1.7 -0.98) (layer F.CrtYd) (width 0.05))
    (fp_line (start -0.261252 0.735) (end 0.261252 0.735) (layer F.SilkS) (width 0.12))
    (fp_line (start -0.261252 -0.735) (end 0.261252 -0.735) (layer F.SilkS) (width 0.12))
    (fp_line (start 1 0.625) (end -1 0.625) (layer F.Fab) (width 0.1))
    (fp_line (start 1 -0.625) (end 1 0.625) (layer F.Fab) (width 0.1))
    (fp_line (start -1 -0.625) (end 1 -0.625) (layer F.Fab) (width 0.1))
    (fp_line (start -1 0.625) (end -1 -0.625) (layer F.Fab) (width 0.1))
    (fp_text user %R (at 0 0) (layer F.Fab)
      (effects (font (size 0.5 0.5) (thickness 0.08)))
    )
    (pad 2 smd roundrect (at 0.95 0) (size 1 1.45) (layers F.Cu F.Paste F.Mask) (roundrect_rratio 0.25)
      (net 2 +5V))
    (pad 1 smd roundrect (at -0.95 0) (size 1 1.45) (layers F.Cu F.Paste F.Mask) (roundrect_rratio 0.25)
      (net 1 GND))
    (model ${KISYS3DMOD}/Capacitor_SMD.3dshapes/C_0805_2012Metric.wrl
      (at (xyz 0 0 0))
      (scale (xyz 1 1 1))
      (rotate (xyz 0 0 0))
    )
  )

  (module Capacitor_SMD:C_0805_2012Metric (layer F.Cu) (tedit 5F68FEEE) (tstamp 6050C601)
    (at 101.94036 128.04652 270)
    (descr "Capacitor SMD 0805 (2012 Metric), square (rectangular) end terminal, IPC_7351 nominal, (Body size source: IPC-SM-782 page 76, https://www.pcb-3d.com/wordpress/wp-content/uploads/ipc-sm-782a_amendment_1_and_2.pdf, https://docs.google.com/spreadsheets/d/1BsfQQcO9C6DZCsRaXUlFlo91Tg2WpOkGARC1WS5S8t0/edit?usp=sharing), generated with kicad-footprint-generator")
    (tags capacitor)
    (path /6218866E)
    (attr smd)
    (fp_text reference C116 (at -0.1778 1.7272 90) (layer F.SilkS)
      (effects (font (size 1 1) (thickness 0.15)))
    )
    (fp_text value 100nF (at 0 1.68 90) (layer F.Fab)
      (effects (font (size 1 1) (thickness 0.15)))
    )
    (fp_line (start -1 0.625) (end -1 -0.625) (layer F.Fab) (width 0.1))
    (fp_line (start -1 -0.625) (end 1 -0.625) (layer F.Fab) (width 0.1))
    (fp_line (start 1 -0.625) (end 1 0.625) (layer F.Fab) (width 0.1))
    (fp_line (start 1 0.625) (end -1 0.625) (layer F.Fab) (width 0.1))
    (fp_line (start -0.261252 -0.735) (end 0.261252 -0.735) (layer F.SilkS) (width 0.12))
    (fp_line (start -0.261252 0.735) (end 0.261252 0.735) (layer F.SilkS) (width 0.12))
    (fp_line (start -1.7 0.98) (end -1.7 -0.98) (layer F.CrtYd) (width 0.05))
    (fp_line (start -1.7 -0.98) (end 1.7 -0.98) (layer F.CrtYd) (width 0.05))
    (fp_line (start 1.7 -0.98) (end 1.7 0.98) (layer F.CrtYd) (width 0.05))
    (fp_line (start 1.7 0.98) (end -1.7 0.98) (layer F.CrtYd) (width 0.05))
    (fp_text user %R (at 0 0 90) (layer F.Fab)
      (effects (font (size 0.5 0.5) (thickness 0.08)))
    )
    (pad 1 smd roundrect (at -0.95 0 270) (size 1 1.45) (layers F.Cu F.Paste F.Mask) (roundrect_rratio 0.25)
      (net 2 +5V))
    (pad 2 smd roundrect (at 0.95 0 270) (size 1 1.45) (layers F.Cu F.Paste F.Mask) (roundrect_rratio 0.25)
      (net 1 GND))
    (model ${KISYS3DMOD}/Capacitor_SMD.3dshapes/C_0805_2012Metric.wrl
      (at (xyz 0 0 0))
      (scale (xyz 1 1 1))
      (rotate (xyz 0 0 0))
    )
  )

  (module Capacitor_SMD:C_0805_2012Metric (layer F.Cu) (tedit 5F68FEEE) (tstamp 6050C5D1)
    (at 108.49356 131.71932 180)
    (descr "Capacitor SMD 0805 (2012 Metric), square (rectangular) end terminal, IPC_7351 nominal, (Body size source: IPC-SM-782 page 76, https://www.pcb-3d.com/wordpress/wp-content/uploads/ipc-sm-782a_amendment_1_and_2.pdf, https://docs.google.com/spreadsheets/d/1BsfQQcO9C6DZCsRaXUlFlo91Tg2WpOkGARC1WS5S8t0/edit?usp=sharing), generated with kicad-footprint-generator")
    (tags capacitor)
    (path /6209F749)
    (attr smd)
    (fp_text reference C117 (at 0 -1.68) (layer F.SilkS)
      (effects (font (size 1 1) (thickness 0.15)))
    )
    (fp_text value 100nF (at 0 1.68) (layer F.Fab)
      (effects (font (size 1 1) (thickness 0.15)))
    )
    (fp_line (start -1 0.625) (end -1 -0.625) (layer F.Fab) (width 0.1))
    (fp_line (start -1 -0.625) (end 1 -0.625) (layer F.Fab) (width 0.1))
    (fp_line (start 1 -0.625) (end 1 0.625) (layer F.Fab) (width 0.1))
    (fp_line (start 1 0.625) (end -1 0.625) (layer F.Fab) (width 0.1))
    (fp_line (start -0.261252 -0.735) (end 0.261252 -0.735) (layer F.SilkS) (width 0.12))
    (fp_line (start -0.261252 0.735) (end 0.261252 0.735) (layer F.SilkS) (width 0.12))
    (fp_line (start -1.7 0.98) (end -1.7 -0.98) (layer F.CrtYd) (width 0.05))
    (fp_line (start -1.7 -0.98) (end 1.7 -0.98) (layer F.CrtYd) (width 0.05))
    (fp_line (start 1.7 -0.98) (end 1.7 0.98) (layer F.CrtYd) (width 0.05))
    (fp_line (start 1.7 0.98) (end -1.7 0.98) (layer F.CrtYd) (width 0.05))
    (fp_text user %R (at 0 0) (layer F.Fab)
      (effects (font (size 0.5 0.5) (thickness 0.08)))
    )
    (pad 1 smd roundrect (at -0.95 0 180) (size 1 1.45) (layers F.Cu F.Paste F.Mask) (roundrect_rratio 0.25)
      (net 3 "Net-(C117-Pad1)"))
    (pad 2 smd roundrect (at 0.95 0 180) (size 1 1.45) (layers F.Cu F.Paste F.Mask) (roundrect_rratio 0.25)
      (net 1 GND))
    (model ${KISYS3DMOD}/Capacitor_SMD.3dshapes/C_0805_2012Metric.wrl
      (at (xyz 0 0 0))
      (scale (xyz 1 1 1))
      (rotate (xyz 0 0 0))
    )
  )

  (module Capacitor_SMD:C_0805_2012Metric (layer F.Cu) (tedit 5F68FEEE) (tstamp 60463F3E)
    (at 78.29046 128.99644)
    (descr "Capacitor SMD 0805 (2012 Metric), square (rectangular) end terminal, IPC_7351 nominal, (Body size source: IPC-SM-782 page 76, https://www.pcb-3d.com/wordpress/wp-content/uploads/ipc-sm-782a_amendment_1_and_2.pdf, https://docs.google.com/spreadsheets/d/1BsfQQcO9C6DZCsRaXUlFlo91Tg2WpOkGARC1WS5S8t0/edit?usp=sharing), generated with kicad-footprint-generator")
    (tags capacitor)
    (path /627ACC7E)
    (attr smd)
    (fp_text reference C125 (at 0 -1.68) (layer F.SilkS)
      (effects (font (size 1 1) (thickness 0.15)))
    )
    (fp_text value 100nF (at 0 1.68) (layer F.Fab)
      (effects (font (size 1 1) (thickness 0.15)))
    )
    (fp_line (start -1 0.625) (end -1 -0.625) (layer F.Fab) (width 0.1))
    (fp_line (start -1 -0.625) (end 1 -0.625) (layer F.Fab) (width 0.1))
    (fp_line (start 1 -0.625) (end 1 0.625) (layer F.Fab) (width 0.1))
    (fp_line (start 1 0.625) (end -1 0.625) (layer F.Fab) (width 0.1))
    (fp_line (start -0.261252 -0.735) (end 0.261252 -0.735) (layer F.SilkS) (width 0.12))
    (fp_line (start -0.261252 0.735) (end 0.261252 0.735) (layer F.SilkS) (width 0.12))
    (fp_line (start -1.7 0.98) (end -1.7 -0.98) (layer F.CrtYd) (width 0.05))
    (fp_line (start -1.7 -0.98) (end 1.7 -0.98) (layer F.CrtYd) (width 0.05))
    (fp_line (start 1.7 -0.98) (end 1.7 0.98) (layer F.CrtYd) (width 0.05))
    (fp_line (start 1.7 0.98) (end -1.7 0.98) (layer F.CrtYd) (width 0.05))
    (fp_text user %R (at 0 0) (layer F.Fab)
      (effects (font (size 0.5 0.5) (thickness 0.08)))
    )
    (pad 1 smd roundrect (at -0.95 0) (size 1 1.45) (layers F.Cu F.Paste F.Mask) (roundrect_rratio 0.25)
      (net 2 +5V))
    (pad 2 smd roundrect (at 0.95 0) (size 1 1.45) (layers F.Cu F.Paste F.Mask) (roundrect_rratio 0.25)
      (net 1 GND))
    (model ${KISYS3DMOD}/Capacitor_SMD.3dshapes/C_0805_2012Metric.wrl
      (at (xyz 0 0 0))
      (scale (xyz 1 1 1))
      (rotate (xyz 0 0 0))
    )
  )

  (module Capacitor_SMD:C_0805_2012Metric (layer F.Cu) (tedit 5F68FEEE) (tstamp 60590D1B)
    (at 133.52268 166.29634 180)
    (descr "Capacitor SMD 0805 (2012 Metric), square (rectangular) end terminal, IPC_7351 nominal, (Body size source: IPC-SM-782 page 76, https://www.pcb-3d.com/wordpress/wp-content/uploads/ipc-sm-782a_amendment_1_and_2.pdf, https://docs.google.com/spreadsheets/d/1BsfQQcO9C6DZCsRaXUlFlo91Tg2WpOkGARC1WS5S8t0/edit?usp=sharing), generated with kicad-footprint-generator")
    (tags capacitor)
    (path /5EC1D7DE/5EB8ED80)
    (attr smd)
    (fp_text reference C205 (at 3.81 0.0508) (layer F.SilkS)
      (effects (font (size 1 1) (thickness 0.15)))
    )
    (fp_text value 10uF (at 0 1.68) (layer F.Fab)
      (effects (font (size 1 1) (thickness 0.15)))
    )
    (fp_line (start 1.7 0.98) (end -1.7 0.98) (layer F.CrtYd) (width 0.05))
    (fp_line (start 1.7 -0.98) (end 1.7 0.98) (layer F.CrtYd) (width 0.05))
    (fp_line (start -1.7 -0.98) (end 1.7 -0.98) (layer F.CrtYd) (width 0.05))
    (fp_line (start -1.7 0.98) (end -1.7 -0.98) (layer F.CrtYd) (width 0.05))
    (fp_line (start -0.261252 0.735) (end 0.261252 0.735) (layer F.SilkS) (width 0.12))
    (fp_line (start -0.261252 -0.735) (end 0.261252 -0.735) (layer F.SilkS) (width 0.12))
    (fp_line (start 1 0.625) (end -1 0.625) (layer F.Fab) (width 0.1))
    (fp_line (start 1 -0.625) (end 1 0.625) (layer F.Fab) (width 0.1))
    (fp_line (start -1 -0.625) (end 1 -0.625) (layer F.Fab) (width 0.1))
    (fp_line (start -1 0.625) (end -1 -0.625) (layer F.Fab) (width 0.1))
    (fp_text user %R (at 0 0) (layer F.Fab)
      (effects (font (size 0.5 0.5) (thickness 0.08)))
    )
    (pad 2 smd roundrect (at 0.95 0 180) (size 1 1.45) (layers F.Cu F.Paste F.Mask) (roundrect_rratio 0.25)
      (net 1 GND))
    (pad 1 smd roundrect (at -0.95 0 180) (size 1 1.45) (layers F.Cu F.Paste F.Mask) (roundrect_rratio 0.25)
      (net 4 "Net-(C205-Pad1)"))
    (model ${KISYS3DMOD}/Capacitor_SMD.3dshapes/C_0805_2012Metric.wrl
      (at (xyz 0 0 0))
      (scale (xyz 1 1 1))
      (rotate (xyz 0 0 0))
    )
  )

  (module Capacitor_SMD:C_0805_2012Metric (layer F.Cu) (tedit 5F68FEEE) (tstamp 60590CEB)
    (at 133.55828 164.06114 180)
    (descr "Capacitor SMD 0805 (2012 Metric), square (rectangular) end terminal, IPC_7351 nominal, (Body size source: IPC-SM-782 page 76, https://www.pcb-3d.com/wordpress/wp-content/uploads/ipc-sm-782a_amendment_1_and_2.pdf, https://docs.google.com/spreadsheets/d/1BsfQQcO9C6DZCsRaXUlFlo91Tg2WpOkGARC1WS5S8t0/edit?usp=sharing), generated with kicad-footprint-generator")
    (tags capacitor)
    (path /5EC1D7DE/5EB8E025)
    (attr smd)
    (fp_text reference C206 (at 3.9116 0.0508) (layer F.SilkS)
      (effects (font (size 1 1) (thickness 0.15)))
    )
    (fp_text value 100nF (at 0 1.68) (layer F.Fab)
